3.79031e+26 1.73691e+26 9.77389e+26
2.84647e+26 1.19363e+26 9.82523e+26
2.40368e+26 9.02663e+25 1.04945e+27
2.15802e+26 7.25877e+25 1.1444e+27
2.00347e+26 6.07714e+25 1.25203e+27
1.89757e+26 5.2325e+25 1.36591e+27
1.82053e+26 4.59856e+25 1.4831e+27
1.76193e+26 4.10494e+25 1.60211e+27
1.71585e+26 3.70944e+25 1.72214e+27
1.67863e+26 3.38523e+25 1.84273e+27
1.64793e+26 3.11449e+25 1.9636e+27
1.62216e+26 2.88488e+25 2.0846e+27
1.60021e+26 2.68761e+25 2.20562e+27
1.58128e+26 2.51621e+25 2.32659e+27
1.56479e+26 2.36588e+25 2.44748e+27
1.55028e+26 2.2329e+25 2.56826e+27
1.53742e+26 2.11441e+25 2.68891e+27
1.52593e+26 2.00813e+25 2.80942e+27
1.51561e+26 1.91226e+25 2.9298e+27
1.50629e+26 1.82531e+25 3.05004e+27
1.49782e+26 1.7461e+25 3.17014e+27
1.49009e+26 1.67361e+25 3.2901e+27
1.48301e+26 1.60701e+25 3.40993e+27
1.4765e+26 1.54562e+25 3.52963e+27
1.47049e+26 1.48883e+25 3.64921e+27
1.46493e+26 1.43615e+25 3.76867e+27
1.45977e+26 1.38713e+25 3.88802e+27
1.45496e+26 1.34141e+25 4.00725e+27
1.45047e+26 1.29866e+25 4.12638e+27
1.44627e+26 1.2586e+25 4.2454e+27
1.44233e+26 1.22097e+25 4.36433e+27
1.43863e+26 1.18557e+25 4.48316e+27
1.43515e+26 1.15219e+25 4.6019e+27
1.43186e+26 1.12068e+25 4.72055e+27
1.42876e+26 1.09086e+25 4.83912e+27
1.42582e+26 1.06262e+25 4.9576e+27
1.42304e+26 1.03582e+25 5.07601e+27
1.42039e+26 1.01037e+25 5.19435e+27
1.41788e+26 9.86147e+24 5.31261e+27
1.41549e+26 9.63079e+24 5.4308e+27
1.41321e+26 9.4108e+24 5.54892e+27
1.41104e+26 9.20077e+24 5.66698e+27
1.40897e+26 9.00005e+24 5.78498e+27
1.40698e+26 8.80801e+24 5.90292e+27
1.40508e+26 8.6241e+24 6.0208e+27
1.40327e+26 8.44781e+24 6.13862e+27
1.40152e+26 8.27867e+24 6.25639e+27
1.39985e+26 8.11626e+24 6.3741e+27
1.39824e+26 7.96018e+24 6.49177e+27
1.3967e+26 7.81006e+24 6.60938e+27
1.39521e+26 7.66556e+24 6.72695e+27
1.39378e+26 7.52638e+24 6.84447e+27
1.3924e+26 7.39222e+24 6.96195e+27
1.39107e+26 7.26281e+24 7.07938e+27
1.38979e+26 7.13791e+24 7.19677e+27
1.38855e+26 7.01727e+24 7.31412e+27
1.38736e+26 6.90069e+24 7.43143e+27
1.3862e+26 6.78797e+24 7.5487e+27
1.38509e+26 6.6789e+24 7.66593e+27
1.384e+26 6.57333e+24 7.78312e+27
1.38296e+26 6.47107e+24 7.90029e+27
1.38194e+26 6.37198e+24 8.01741e+27
1.38096e+26 6.27591e+24 8.1345e+27
1.38001e+26 6.18272e+24 8.25156e+27
1.37908e+26 6.09228e+24 8.36859e+27
1.37819e+26 6.00448e+24 8.48559e+27
1.37731e+26 5.9192e+24 8.60255e+27
1.37647e+26 5.83633e+24 8.71949e+27
1.37564e+26 5.75576e+24 8.8364e+27
1.37485e+26 5.67742e+24 8.95327e+27
1.37407e+26 5.6012e+24 9.07013e+27
1.37331e+26 5.52701e+24 9.18695e+27
1.37257e+26 5.45478e+24 9.30375e+27
1.37186e+26 5.38444e+24 9.42052e+27
1.37116e+26 5.3159e+24 9.53727e+27
1.37048e+26 5.2491e+24 9.65399e+27
1.36981e+26 5.18397e+24 9.77069e+27
1.36917e+26 5.12045e+24 9.88737e+27
1.36854e+26 5.05848e+24 1.0004e+28
1.36792e+26 4.998e+24 1.01207e+28
1.36732e+26 4.93897e+24 1.02373e+28
1.36673e+26 4.88133e+24 1.03539e+28
1.36616e+26 4.82503e+24 1.04704e+28
1.3656e+26 4.77002e+24 1.0587e+28
1.36505e+26 4.71626e+24 1.07035e+28
1.36452e+26 4.66371e+24 1.082e+28
1.364e+26 4.61233e+24 1.09365e+28
1.36348e+26 4.56207e+24 1.1053e+28
1.36298e+26 4.51291e+24 1.11694e+28
1.3625e+26 4.4648e+24 1.12858e+28
1.36202e+26 4.41772e+24 1.14023e+28
1.36155e+26 4.37162e+24 1.15187e+28
1.36109e+26 4.32649e+24 1.1635e+28
1.36064e+26 4.28228e+24 1.17514e+28
1.3602e+26 4.23898e+24 1.18677e+28
1.35977e+26 4.19654e+24 1.19841e+28
1.35935e+26 4.15496e+24 1.21004e+28
1.35894e+26 4.1142e+24 1.22167e+28
1.35853e+26 4.07423e+24 1.2333e+28
1.35813e+26 4.03504e+24 1.24492e+28
1.35774e+26 3.9966e+24 1.25655e+28
1.35736e+26 3.95889e+24 1.26817e+28
1.35698e+26 3.92189e+24 1.2798e+28
1.35662e+26 3.88558e+24 1.29142e+28
1.35626e+26 3.84995e+24 1.30304e+28
1.3559e+26 3.81496e+24 1.31466e+28
1.35555e+26 3.78061e+24 1.32627e+28
1.35521e+26 3.74687e+24 1.33789e+28
1.35487e+26 3.71374e+24 1.3495e+28
1.35454e+26 3.68119e+24 1.36112e+28
1.35422e+26 3.64921e+24 1.37273e+28
1.3539e+26 3.61778e+24 1.38434e+28
1.35359e+26 3.5869e+24 1.39595e+28
1.35328e+26 3.55654e+24 1.40756e+28
1.35298e+26 3.52669e+24 1.41917e+28
1.35268e+26 3.49734e+24 1.43077e+28
1.35239e+26 3.46848e+24 1.44238e+28
1.3521e+26 3.4401e+24 1.45398e+28
1.35182e+26 3.41217e+24 1.46558e+28
1.35154e+26 3.3847e+24 1.47719e+28
1.35127e+26 3.35768e+24 1.48879e+28
1.351e+26 3.33108e+24 1.50039e+28
1.35073e+26 3.3049e+24 1.51199e+28
1.35047e+26 3.27914e+24 1.52358e+28
1.35022e+26 3.25377e+24 1.53518e+28
1.34996e+26 3.2288e+24 1.54678e+28
1.34972e+26 3.20421e+24 1.55837e+28
1.34947e+26 3.17999e+24 1.56996e+28
1.34923e+26 3.15614e+24 1.58156e+28
1.34899e+26 3.13264e+24 1.59315e+28
1.34876e+26 3.1095e+24 1.60474e+28
1.34853e+26 3.08669e+24 1.61633e+28
1.3483e+26 3.06422e+24 1.62792e+28
1.34808e+26 3.04208e+24 1.63951e+28
1.34786e+26 3.02026e+24 1.6511e+28
1.34764e+26 2.99874e+24 1.66268e+28
1.34742e+26 2.97754e+24 1.67427e+28
1.34721e+26 2.95663e+24 1.68585e+28
1.347e+26 2.93602e+24 1.69744e+28
1.3468e+26 2.91569e+24 1.70902e+28
1.3466e+26 2.89565e+24 1.7206e+28
1.3464e+26 2.87588e+24 1.73218e+28
1.3462e+26 2.85638e+24 1.74377e+28
1.34601e+26 2.83714e+24 1.75535e+28
1.34581e+26 2.81816e+24 1.76693e+28
1.34562e+26 2.79943e+24 1.7785e+28
1.34544e+26 2.78096e+24 1.79008e+28
1.34525e+26 2.76273e+24 1.80166e+28
1.34507e+26 2.74473e+24 1.81324e+28
1.34489e+26 2.72697e+24 1.82481e+28
1.34472e+26 2.70944e+24 1.83639e+28
1.34454e+26 2.69213e+24 1.84796e+28
1.34437e+26 2.67505e+24 1.85953e+28
1.3442e+26 2.65818e+24 1.87111e+28
1.34403e+26 2.64152e+24 1.88268e+28
1.34386e+26 2.62508e+24 1.89425e+28
1.3437e+26 2.60883e+24 1.90582e+28
1.34354e+26 2.59279e+24 1.91739e+28
1.34338e+26 2.57695e+24 1.92896e+28
1.34322e+26 2.56129e+24 1.94053e+28
1.34306e+26 2.54583e+24 1.9521e+28
1.34291e+26 2.53056e+24 1.96367e+28
1.34276e+26 2.51546e+24 1.97524e+28
1.34261e+26 2.50055e+24 1.9868e+28
1.34246e+26 2.48581e+24 1.99837e+28
1.34231e+26 2.47125e+24 2.00994e+28
1.34217e+26 2.45686e+24 2.0215e+28
1.34202e+26 2.44263e+24 2.03306e+28
1.34188e+26 2.42857e+24 2.04463e+28
1.34174e+26 2.41467e+24 2.05619e+28
1.3416e+26 2.40093e+24 2.06775e+28
1.34147e+26 2.38735e+24 2.07932e+28
1.34133e+26 2.37392e+24 2.09088e+28
1.3412e+26 2.36064e+24 2.10244e+28
1.34106e+26 2.34751e+24 2.114e+28
1.34093e+26 2.33452e+24 2.12556e+28
1.3408e+26 2.32168e+24 2.13712e+28
1.34068e+26 2.30898e+24 2.14868e+28
1.34055e+26 2.29642e+24 2.16024e+28
1.34042e+26 2.28399e+24 2.17179e+28
1.3403e+26 2.2717e+24 2.18335e+28
1.34018e+26 2.25954e+24 2.19491e+28
1.34006e+26 2.24751e+24 2.20647e+28
1.33994e+26 2.23561e+24 2.21802e+28
1.33982e+26 2.22383e+24 2.22958e+28
1.3397e+26 2.21218e+24 2.24113e+28
1.33958e+26 2.20065e+24 2.25269e+28
1.33947e+26 2.18924e+24 2.26424e+28
1.33935e+26 2.17795e+24 2.27579e+28
1.33924e+26 2.16678e+24 2.28735e+28
1.33913e+26 2.15572e+24 2.2989e+28
1.33902e+26 2.14477e+24 2.31045e+28
1.33891e+26 2.13393e+24 2.32201e+28
1.3388e+26 2.12321e+24 2.33356e+28
1.3387e+26 2.11259e+24 2.34511e+28
1.33859e+26 2.10207e+24 2.35666e+28
1.33849e+26 2.09166e+24 2.36821e+28
1.33838e+26 2.08136e+24 2.37976e+28
1.33828e+26 2.07115e+24 2.39131e+28
1.33818e+26 2.06105e+24 2.40286e+28
1.33808e+26 2.05104e+24 2.4144e+28
1.33798e+26 2.04113e+24 2.42595e+28
1.33788e+26 2.03132e+24 2.4375e+28
1.33778e+26 2.0216e+24 2.44905e+28
1.33768e+26 2.01197e+24 2.46059e+28
1.33759e+26 2.00244e+24 2.47214e+28
1.33749e+26 1.993e+24 2.48369e+28
1.3374e+26 1.98364e+24 2.49523e+28
1.3373e+26 1.97437e+24 2.50678e+28
1.33721e+26 1.96519e+24 2.51832e+28
1.33712e+26 1.95609e+24 2.52987e+28
1.33703e+26 1.94708e+24 2.54141e+28
1.33694e+26 1.93815e+24 2.55296e+28
1.33685e+26 1.92931e+24 2.5645e+28
1.33676e+26 1.92054e+24 2.57604e+28
1.33667e+26 1.91185e+24 2.58759e+28
1.33659e+26 1.90325e+24 2.59913e+28
1.3365e+26 1.89471e+24 2.61067e+28
1.33642e+26 1.88626e+24 2.62221e+28
1.33633e+26 1.87788e+24 2.63375e+28
1.33625e+26 1.86958e+24 2.64529e+28
1.33617e+26 1.86134e+24 2.65684e+28
1.33608e+26 1.85319e+24 2.66838e+28
1.336e+26 1.8451e+24 2.67992e+28
1.33592e+26 1.83708e+24 2.69146e+28
1.33584e+26 1.82913e+24 2.703e+28
1.33576e+26 1.82126e+24 2.71453e+28
1.33568e+26 1.81344e+24 2.72607e+28
1.33561e+26 1.8057e+24 2.73761e+28
1.33553e+26 1.79802e+24 2.74915e+28
1.33545e+26 1.79041e+24 2.76069e+28
1.33538e+26 1.78286e+24 2.77222e+28
1.3353e+26 1.77538e+24 2.78376e+28
1.33523e+26 1.76796e+24 2.7953e+28
1.33515e+26 1.7606e+24 2.80684e+28
1.33508e+26 1.7533e+24 2.81837e+28
1.33501e+26 1.74606e+24 2.82991e+28
1.33493e+26 1.73888e+24 2.84144e+28
1.33486e+26 1.73176e+24 2.85298e+28
1.33479e+26 1.7247e+24 2.86451e+28
1.33472e+26 1.7177e+24 2.87605e+28
1.33465e+26 1.71075e+24 2.88758e+28
1.33458e+26 1.70386e+24 2.89912e+28
1.33451e+26 1.69702e+24 2.91065e+28
1.33444e+26 1.69024e+24 2.92219e+28
1.33438e+26 1.68352e+24 2.93372e+28
1.33431e+26 1.67684e+24 2.94525e+28
1.33424e+26 1.67022e+24 2.95678e+28
1.33418e+26 1.66365e+24 2.96832e+28
1.33411e+26 1.65714e+24 2.97985e+28
1.33405e+26 1.65067e+24 2.99138e+28
1.33398e+26 1.64426e+24 3.00291e+28
1.33392e+26 1.63789e+24 3.01445e+28
1.33385e+26 1.63158e+24 3.02598e+28
1.33379e+26 1.62531e+24 3.03751e+28
1.33373e+26 1.61909e+24 3.04904e+28
1.33367e+26 1.61292e+24 3.06057e+28
1.3336e+26 1.6068e+24 3.0721e+28
1.33354e+26 1.60072e+24 3.08363e+28
1.33348e+26 1.59469e+24 3.09516e+28
1.33342e+26 1.5887e+24 3.10669e+28
1.33336e+26 1.58276e+24 3.11822e+28
1.3333e+26 1.57686e+24 3.12975e+28
1.33324e+26 1.57101e+24 3.14127e+28
1.33319e+26 1.5652e+24 3.1528e+28
1.33313e+26 1.55943e+24 3.16433e+28
1.33307e+26 1.5537e+24 3.17586e+28
1.33301e+26 1.54802e+24 3.18739e+28
1.33296e+26 1.54238e+24 3.19892e+28
1.3329e+26 1.53678e+24 3.21044e+28
1.33284e+26 1.53122e+24 3.22197e+28
1.33279e+26 1.5257e+24 3.2335e+28
1.33273e+26 1.52022e+24 3.24502e+28
1.33268e+26 1.51478e+24 3.25655e+28
1.33263e+26 1.50938e+24 3.26808e+28
1.33257e+26 1.50402e+24 3.2796e+28
1.33252e+26 1.49869e+24 3.29113e+28
1.33246e+26 1.49341e+24 3.30265e+28
1.33241e+26 1.48816e+24 3.31418e+28
1.33236e+26 1.48294e+24 3.3257e+28
1.33231e+26 1.47777e+24 3.33723e+28
1.33226e+26 1.47263e+24 3.34875e+28
1.3322e+26 1.46752e+24 3.36028e+28
1.33215e+26 1.46245e+24 3.3718e+28
1.3321e+26 1.45742e+24 3.38333e+28
1.33205e+26 1.45242e+24 3.39485e+28
1.332e+26 1.44746e+24 3.40637e+28
1.33195e+26 1.44252e+24 3.4179e+28
1.3319e+26 1.43763e+24 3.42942e+28
1.33185e+26 1.43276e+24 3.44094e+28
1.33181e+26 1.42793e+24 3.45247e+28
1.33176e+26 1.42313e+24 3.46399e+28
1.33171e+26 1.41837e+24 3.47551e+28
1.33166e+26 1.41363e+24 3.48703e+28
1.33162e+26 1.40893e+24 3.49855e+28
1.33157e+26 1.40425e+24 3.51008e+28
1.33152e+26 1.39961e+24 3.5216e+28
1.33148e+26 1.395e+24 3.53312e+28
1.33143e+26 1.39042e+24 3.54464e+28
1.33138e+26 1.38587e+24 3.55616e+28
1.33134e+26 1.38135e+24 3.56768e+28
1.33129e+26 1.37686e+24 3.5792e+28
1.33125e+26 1.3724e+24 3.59072e+28
1.3312e+26 1.36797e+24 3.60224e+28
1.33116e+26 1.36356e+24 3.61376e+28
1.33112e+26 1.35919e+24 3.62528e+28
1.33107e+26 1.35484e+24 3.6368e+28
1.33103e+26 1.35052e+24 3.64832e+28
1.33099e+26 1.34623e+24 3.65984e+28
1.33094e+26 1.34196e+24 3.67136e+28
1.3309e+26 1.33772e+24 3.68288e+28
1.33086e+26 1.33351e+24 3.6944e+28
1.33082e+26 1.32933e+24 3.70592e+28
1.33077e+26 1.32517e+24 3.71744e+28
1.33073e+26 1.32104e+24 3.72896e+28
1.33069e+26 1.31693e+24 3.74047e+28
1.33065e+26 1.31285e+24 3.75199e+28
1.33061e+26 1.30879e+24 3.76351e+28
1.33057e+26 1.30476e+24 3.77503e+28
1.33053e+26 1.30076e+24 3.78654e+28
1.33049e+26 1.29677e+24 3.79806e+28
1.33045e+26 1.29282e+24 3.80958e+28
1.33041e+26 1.28888e+24 3.8211e+28
1.33037e+26 1.28497e+24 3.83261e+28
1.33033e+26 1.28109e+24 3.84413e+28
1.33029e+26 1.27723e+24 3.85565e+28
1.33025e+26 1.27339e+24 3.86716e+28
1.33022e+26 1.26957e+24 3.87868e+28
1.33018e+26 1.26578e+24 3.89019e+28
1.33014e+26 1.26201e+24 3.90171e+28
1.3301e+26 1.25826e+24 3.91323e+28
1.33006e+26 1.25454e+24 3.92474e+28
1.33003e+26 1.25083e+24 3.93626e+28
1.32999e+26 1.24715e+24 3.94777e+28
1.32995e+26 1.24349e+24 3.95929e+28
1.32992e+26 1.23985e+24 3.9708e+28
1.32988e+26 1.23624e+24 3.98232e+28
1.32984e+26 1.23264e+24 3.99383e+28
1.32981e+26 1.22906e+24 4.00535e+28
1.32977e+26 1.22551e+24 4.01686e+28
1.32974e+26 1.22198e+24 4.02837e+28
1.3297e+26 1.21846e+24 4.03989e+28
1.32967e+26 1.21497e+24 4.0514e+28
1.32963e+26 1.2115e+24 4.06292e+28
1.3296e+26 1.20804e+24 4.07443e+28
1.32956e+26 1.20461e+24 4.08594e+28
1.32953e+26 1.20119e+24 4.09746e+28
1.32949e+26 1.1978e+24 4.10897e+28
1.32946e+26 1.19442e+24 4.12048e+28
1.32943e+26 1.19107e+24 4.132e+28
1.32939e+26 1.18773e+24 4.14351e+28
1.32936e+26 1.18441e+24 4.15502e+28
1.32933e+26 1.18111e+24 4.16653e+28
1.32929e+26 1.17783e+24 4.17805e+28
1.32926e+26 1.17456e+24 4.18956e+28
1.32923e+26 1.17132e+24 4.20107e+28
1.3292e+26 1.16809e+24 4.21258e+28
1.32916e+26 1.16488e+24 4.22409e+28
1.32913e+26 1.16169e+24 4.23561e+28
1.3291e+26 1.15851e+24 4.24712e+28
1.32907e+26 1.15535e+24 4.25863e+28
1.32904e+26 1.15221e+24 4.27014e+28
1.32901e+26 1.14909e+24 4.28165e+28
1.32897e+26 1.14598e+24 4.29316e+28
1.32894e+26 1.14289e+24 4.30467e+28
1.32891e+26 1.13982e+24 4.31618e+28
1.32888e+26 1.13676e+24 4.32769e+28
1.32885e+26 1.13372e+24 4.3392e+28
1.32882e+26 1.1307e+24 4.35072e+28
1.32879e+26 1.12769e+24 4.36223e+28
1.32876e+26 1.1247e+24 4.37374e+28
1.32873e+26 1.12172e+24 4.38525e+28
1.3287e+26 1.11876e+24 4.39676e+28
1.32867e+26 1.11582e+24 4.40827e+28
1.32864e+26 1.11289e+24 4.41977e+28
1.32861e+26 1.10997e+24 4.43128e+28
1.32858e+26 1.10708e+24 4.44279e+28
1.32855e+26 1.10419e+24 4.4543e+28
1.32853e+26 1.10132e+24 4.46581e+28
1.3285e+26 1.09847e+24 4.47732e+28
1.32847e+26 1.09563e+24 4.48883e+28
1.32844e+26 1.09281e+24 4.50034e+28
1.32841e+26 1.09e+24 4.51185e+28
1.32838e+26 1.0872e+24 4.52336e+28
1.32836e+26 1.08442e+24 4.53486e+28
1.32833e+26 1.08166e+24 4.54637e+28
1.3283e+26 1.0789e+24 4.55788e+28
1.32827e+26 1.07616e+24 4.56939e+28
1.32825e+26 1.07344e+24 4.5809e+28
1.32822e+26 1.07073e+24 4.5924e+28
1.32819e+26 1.06803e+24 4.60391e+28
1.32816e+26 1.06535e+24 4.61542e+28
1.32814e+26 1.06268e+24 4.62693e+28
1.32811e+26 1.06002e+24 4.63843e+28
1.32808e+26 1.05738e+24 4.64994e+28
1.32806e+26 1.05475e+24 4.66145e+28
1.32803e+26 1.05213e+24 4.67296e+28
1.32801e+26 1.04953e+24 4.68446e+28
1.32798e+26 1.04694e+24 4.69597e+28
1.32795e+26 1.04436e+24 4.70748e+28
1.32793e+26 1.04179e+24 4.71898e+28
1.3279e+26 1.03924e+24 4.73049e+28
1.32788e+26 1.0367e+24 4.742e+28
1.32785e+26 1.03417e+24 4.7535e+28
1.32783e+26 1.03165e+24 4.76501e+28
1.3278e+26 1.02915e+24 4.77651e+28
1.32778e+26 1.02666e+24 4.78802e+28
1.32775e+26 1.02418e+24 4.79953e+28
1.32773e+26 1.02171e+24 4.81103e+28
1.3277e+26 1.01926e+24 4.82254e+28
1.32768e+26 1.01681e+24 4.83404e+28
1.32765e+26 1.01438e+24 4.84555e+28
1.32763e+26 1.01196e+24 4.85705e+28
1.3276e+26 1.00955e+24 4.86856e+28
1.32758e+26 1.00715e+24 4.88006e+28
1.32756e+26 1.00477e+24 4.89157e+28
1.32753e+26 1.00239e+24 4.90307e+28
1.32751e+26 1.00003e+24 4.91458e+28
1.32749e+26 9.97676e+23 4.92608e+28
1.32746e+26 9.95335e+23 4.93759e+28
1.32744e+26 9.93005e+23 4.94909e+28
1.32742e+26 9.90685e+23 4.9606e+28
1.32739e+26 9.88376e+23 4.9721e+28
1.32737e+26 9.86079e+23 4.98361e+28
1.32735e+26 9.83791e+23 4.99511e+28
1.32732e+26 9.81515e+23 5.00662e+28
1.3273e+26 9.79249e+23 5.01812e+28
1.32728e+26 9.76993e+23 5.02962e+28
1.32726e+26 9.74748e+23 5.04113e+28
1.32723e+26 9.72513e+23 5.05263e+28
1.32721e+26 9.70288e+23 5.06413e+28
1.32719e+26 9.68074e+23 5.07564e+28
1.32717e+26 9.65869e+23 5.08714e+28
1.32714e+26 9.63675e+23 5.09864e+28
1.32712e+26 9.61491e+23 5.11015e+28
1.3271e+26 9.59316e+23 5.12165e+28
1.32708e+26 9.57151e+23 5.13315e+28
1.32706e+26 9.54996e+23 5.14466e+28
1.32704e+26 9.52851e+23 5.15616e+28
1.32701e+26 9.50716e+23 5.16766e+28
1.32699e+26 9.4859e+23 5.17916e+28
1.32697e+26 9.46473e+23 5.19067e+28
1.32695e+26 9.44366e+23 5.20217e+28
1.32693e+26 9.42268e+23 5.21367e+28
1.32691e+26 9.4018e+23 5.22517e+28
1.32689e+26 9.38101e+23 5.23668e+28
1.32687e+26 9.36031e+23 5.24818e+28
1.32685e+26 9.3397e+23 5.25968e+28
1.32683e+26 9.31918e+23 5.27118e+28
1.3268e+26 9.29876e+23 5.28268e+28
1.32678e+26 9.27842e+23 5.29419e+28
1.32676e+26 9.25817e+23 5.30569e+28
1.32674e+26 9.23801e+23 5.31719e+28
1.32672e+26 9.21794e+23 5.32869e+28
1.3267e+26 9.19795e+23 5.34019e+28
1.32668e+26 9.17805e+23 5.35169e+28
1.32666e+26 9.15824e+23 5.3632e+28
1.32664e+26 9.13851e+23 5.3747e+28
1.32662e+26 9.11887e+23 5.3862e+28
1.3266e+26 9.09931e+23 5.3977e+28
1.32659e+26 9.07984e+23 5.4092e+28
1.32657e+26 9.06045e+23 5.4207e+28
1.32655e+26 9.04114e+23 5.4322e+28
1.32653e+26 9.02191e+23 5.4437e+28
1.32651e+26 9.00277e+23 5.4552e+28
1.32649e+26 8.98371e+23 5.4667e+28
1.32647e+26 8.96473e+23 5.4782e+28
1.32645e+26 8.94582e+23 5.4897e+28
1.32643e+26 8.927e+23 5.5012e+28
1.32641e+26 8.90826e+23 5.51271e+28
1.32639e+26 8.88959e+23 5.52421e+28
1.32638e+26 8.87101e+23 5.53571e+28
1.32636e+26 8.8525e+23 5.54721e+28
1.32634e+26 8.83407e+23 5.55871e+28
1.32632e+26 8.81571e+23 5.57021e+28
1.3263e+26 8.79744e+23 5.5817e+28
1.32628e+26 8.77923e+23 5.5932e+28
1.32627e+26 8.76111e+23 5.6047e+28
1.32625e+26 8.74305e+23 5.6162e+28
1.32623e+26 8.72507e+23 5.6277e+28
1.32621e+26 8.70717e+23 5.6392e+28
1.32619e+26 8.68934e+23 5.6507e+28
1.32618e+26 8.67158e+23 5.6622e+28
1.32616e+26 8.6539e+23 5.6737e+28
1.32614e+26 8.63628e+23 5.6852e+28
1.32612e+26 8.61874e+23 5.6967e+28
1.32611e+26 8.60127e+23 5.7082e+28
1.32609e+26 8.58387e+23 5.7197e+28
1.32607e+26 8.56654e+23 5.73119e+28
1.32605e+26 8.54928e+23 5.74269e+28
1.32604e+26 8.53209e+23 5.75419e+28
1.32602e+26 8.51497e+23 5.76569e+28
1.326e+26 8.49792e+23 5.77719e+28
1.32598e+26 8.48094e+23 5.78869e+28
1.32597e+26 8.46402e+23 5.80019e+28
1.32595e+26 8.44717e+23 5.81168e+28
1.32593e+26 8.43039e+23 5.82318e+28
1.32592e+26 8.41368e+23 5.83468e+28
1.3259e+26 8.39703e+23 5.84618e+28
1.32588e+26 8.38045e+23 5.85768e+28
1.32587e+26 8.36393e+23 5.86917e+28
1.32585e+26 8.34748e+23 5.88067e+28
1.32583e+26 8.33109e+23 5.89217e+28
1.32582e+26 8.31477e+23 5.90367e+28
1.3258e+26 8.29851e+23 5.91517e+28
1.32579e+26 8.28231e+23 5.92666e+28
1.32577e+26 8.26618e+23 5.93816e+28
1.32575e+26 8.25011e+23 5.94966e+28
1.32574e+26 8.23411e+23 5.96116e+28
1.32572e+26 8.21816e+23 5.97265e+28
1.32571e+26 8.20228e+23 5.98415e+28
1.32569e+26 8.18646e+23 5.99565e+28
1.32567e+26 8.17069e+23 6.00714e+28
1.32566e+26 8.15499e+23 6.01864e+28
1.32564e+26 8.13935e+23 6.03014e+28
1.32563e+26 8.12377e+23 6.04164e+28
1.32561e+26 8.10825e+23 6.05313e+28
1.3256e+26 8.09279e+23 6.06463e+28
1.32558e+26 8.07739e+23 6.07613e+28
1.32556e+26 8.06205e+23 6.08762e+28
1.32555e+26 8.04676e+23 6.09912e+28
1.32553e+26 8.03154e+23 6.11062e+28
1.32552e+26 8.01637e+23 6.12211e+28
1.3255e+26 8.00125e+23 6.13361e+28
1.32549e+26 7.9862e+23 6.1451e+28
1.32547e+26 7.9712e+23 6.1566e+28
1.32546e+26 7.95626e+23 6.1681e+28
1.32544e+26 7.94137e+23 6.17959e+28
1.32543e+26 7.92654e+23 6.19109e+28
1.32541e+26 7.91176e+23 6.20259e+28
1.3254e+26 7.89704e+23 6.21408e+28
1.32538e+26 7.88238e+23 6.22558e+28
1.32537e+26 7.86777e+23 6.23707e+28
1.32535e+26 7.85321e+23 6.24857e+28
1.32534e+26 7.83871e+23 6.26006e+28
1.32533e+26 7.82426e+23 6.27156e+28
1.32531e+26 7.80986e+23 6.28306e+28
1.3253e+26 7.79552e+23 6.29455e+28
1.32528e+26 7.78123e+23 6.30605e+28
1.32527e+26 7.76699e+23 6.31754e+28
1.32525e+26 7.7528e+23 6.32904e+28
1.32524e+26 7.73867e+23 6.34053e+28
1.32523e+26 7.72459e+23 6.35203e+28
1.32521e+26 7.71055e+23 6.36352e+28
1.3252e+26 7.69657e+23 6.37502e+28
1.32518e+26 7.68264e+23 6.38651e+28
1.32517e+26 7.66876e+23 6.39801e+28
1.32516e+26 7.65493e+23 6.4095e+28
1.32514e+26 7.64116e+23 6.421e+28
1.32513e+26 7.62743e+23 6.43249e+28
1.32511e+26 7.61374e+23 6.44399e+28
1.3251e+26 7.60011e+23 6.45548e+28
1.32509e+26 7.58653e+23 6.46698e+28
1.32507e+26 7.573e+23 6.47847e+28
1.32506e+26 7.55951e+23 6.48997e+28
1.32505e+26 7.54607e+23 6.50146e+28
1.32503e+26 7.53268e+23 6.51295e+28
1.32502e+26 7.51934e+23 6.52445e+28
1.32501e+26 7.50604e+23 6.53594e+28
1.32499e+26 7.49279e+23 6.54744e+28
1.32498e+26 7.47959e+23 6.55893e+28
1.32497e+26 7.46644e+23 6.57043e+28
1.32495e+26 7.45333e+23 6.58192e+28
1.32494e+26 7.44027e+23 6.59341e+28
1.32493e+26 7.42725e+23 6.60491e+28
1.32491e+26 7.41428e+23 6.6164e+28
1.3249e+26 7.40135e+23 6.6279e+28
1.32489e+26 7.38847e+23 6.63939e+28
1.32488e+26 7.37563e+23 6.65088e+28
1.32486e+26 7.36284e+23 6.66238e+28
1.32485e+26 7.35009e+23 6.67387e+28
1.32484e+26 7.33739e+23 6.68536e+28
1.32483e+26 7.32473e+23 6.69686e+28
1.32481e+26 7.31211e+23 6.70835e+28
1.3248e+26 7.29954e+23 6.71984e+28
1.32479e+26 7.28701e+23 6.73134e+28
1.32477e+26 7.27453e+23 6.74283e+28
1.32476e+26 7.26208e+23 6.75432e+28
1.32475e+26 7.24968e+23 6.76582e+28
1.32474e+26 7.23732e+23 6.77731e+28
1.32473e+26 7.22501e+23 6.7888e+28
1.32471e+26 7.21273e+23 6.8003e+28
1.3247e+26 7.2005e+23 6.81179e+28
1.32469e+26 7.18831e+23 6.82328e+28
1.32468e+26 7.17616e+23 6.83478e+28
1.32466e+26 7.16405e+23 6.84627e+28
1.32465e+26 7.15198e+23 6.85776e+28
1.32464e+26 7.13995e+23 6.86925e+28
1.32463e+26 7.12797e+23 6.88075e+28
1.32462e+26 7.11602e+23 6.89224e+28
1.3246e+26 7.10411e+23 6.90373e+28
1.32459e+26 7.09225e+23 6.91522e+28
1.32458e+26 7.08042e+23 6.92672e+28
1.32457e+26 7.06863e+23 6.93821e+28
1.32456e+26 7.05688e+23 6.9497e+28
1.32454e+26 7.04517e+23 6.96119e+28
1.32453e+26 7.0335e+23 6.97269e+28
1.32452e+26 7.02187e+23 6.98418e+28
1.32451e+26 7.01027e+23 6.99567e+28
1.3245e+26 6.99872e+23 7.00716e+28
1.32449e+26 6.9872e+23 7.01865e+28
1.32448e+26 6.97572e+23 7.03015e+28
1.32446e+26 6.96428e+23 7.04164e+28
1.32445e+26 6.95288e+23 7.05313e+28
1.32444e+26 6.94151e+23 7.06462e+28
1.32443e+26 6.93018e+23 7.07611e+28
1.32442e+26 6.91889e+23 7.08761e+28
1.32441e+26 6.90763e+23 7.0991e+28
1.3244e+26 6.89641e+23 7.11059e+28
1.32438e+26 6.88523e+23 7.12208e+28
1.32437e+26 6.87408e+23 7.13357e+28
1.32436e+26 6.86297e+23 7.14506e+28
1.32435e+26 6.8519e+23 7.15656e+28
1.32434e+26 6.84086e+23 7.16805e+28
1.32433e+26 6.82985e+23 7.17954e+28
1.32432e+26 6.81889e+23 7.19103e+28
1.32431e+26 6.80795e+23 7.20252e+28
1.3243e+26 6.79706e+23 7.21401e+28
1.32429e+26 6.78619e+23 7.2255e+28
1.32427e+26 6.77537e+23 7.23699e+28
1.32426e+26 6.76457e+23 7.24849e+28
1.32425e+26 6.75381e+23 7.25998e+28
1.32424e+26 6.74309e+23 7.27147e+28
1.32423e+26 6.7324e+23 7.28296e+28
1.32422e+26 6.72174e+23 7.29445e+28
1.32421e+26 6.71112e+23 7.30594e+28
1.3242e+26 6.70053e+23 7.31743e+28
1.32419e+26 6.68997e+23 7.32892e+28
1.32418e+26 6.67945e+23 7.34041e+28
1.32417e+26 6.66896e+23 7.3519e+28
1.32416e+26 6.6585e+23 7.36339e+28
1.32415e+26 6.64807e+23 7.37489e+28
1.32414e+26 6.63768e+23 7.38638e+28
1.32413e+26 6.62732e+23 7.39787e+28
1.32412e+26 6.617e+23 7.40936e+28
1.32411e+26 6.6067e+23 7.42085e+28
1.32409e+26 6.59644e+23 7.43234e+28
1.32408e+26 6.58621e+23 7.44383e+28
1.32407e+26 6.57601e+23 7.45532e+28
1.32406e+26 6.56584e+23 7.46681e+28
1.32405e+26 6.55571e+23 7.4783e+28
1.32404e+26 6.5456e+23 7.48979e+28
1.32403e+26 6.53553e+23 7.50128e+28
1.32402e+26 6.52549e+23 7.51277e+28
1.32401e+26 6.51547e+23 7.52426e+28
1.324e+26 6.50549e+23 7.53575e+28
1.32399e+26 6.49554e+23 7.54724e+28
1.32398e+26 6.48562e+23 7.55873e+28
1.32397e+26 6.47573e+23 7.57022e+28
1.32396e+26 6.46587e+23 7.58171e+28
1.32395e+26 6.45604e+23 7.5932e+28
1.32394e+26 6.44624e+23 7.60469e+28
1.32393e+26 6.43647e+23 7.61618e+28
1.32392e+26 6.42673e+23 7.62767e+28
1.32392e+26 6.41702e+23 7.63916e+28
1.32391e+26 6.40734e+23 7.65065e+28
1.3239e+26 6.39769e+23 7.66214e+28
1.32389e+26 6.38806e+23 7.67363e+28
1.32388e+26 6.37847e+23 7.68512e+28
1.32387e+26 6.3689e+23 7.69661e+28
1.32386e+26 6.35937e+23 7.70809e+28
1.32385e+26 6.34986e+23 7.71958e+28
1.32384e+26 6.34038e+23 7.73107e+28
1.32383e+26 6.33093e+23 7.74256e+28
1.32382e+26 6.3215e+23 7.75405e+28
1.32381e+26 6.31211e+23 7.76554e+28
1.3238e+26 6.30274e+23 7.77703e+28
1.32379e+26 6.2934e+23 7.78852e+28
1.32378e+26 6.28409e+23 7.80001e+28
1.32377e+26 6.2748e+23 7.8115e+28
1.32376e+26 6.26555e+23 7.82299e+28
1.32375e+26 6.25632e+23 7.83448e+28
1.32374e+26 6.24712e+23 7.84596e+28
1.32374e+26 6.23794e+23 7.85745e+28
1.32373e+26 6.22879e+23 7.86894e+28
1.32372e+26 6.21967e+23 7.88043e+28
1.32371e+26 6.21057e+23 7.89192e+28
1.3237e+26 6.20151e+23 7.90341e+28
1.32369e+26 6.19246e+23 7.9149e+28
1.32368e+26 6.18345e+23 7.92639e+28
1.32367e+26 6.17446e+23 7.93787e+28
1.32366e+26 6.1655e+23 7.94936e+28
1.32365e+26 6.15656e+23 7.96085e+28
1.32365e+26 6.14765e+23 7.97234e+28
1.32364e+26 6.13876e+23 7.98383e+28
1.32363e+26 6.1299e+23 7.99532e+28
1.32362e+26 6.12107e+23 8.00681e+28
1.32361e+26 6.11226e+23 8.01829e+28
1.3236e+26 6.10348e+23 8.02978e+28
1.32359e+26 6.09472e+23 8.04127e+28
1.32358e+26 6.08598e+23 8.05276e+28
1.32357e+26 6.07728e+23 8.06425e+28
1.32357e+26 6.06859e+23 8.07573e+28
1.32356e+26 6.05994e+23 8.08722e+28
1.32355e+26 6.0513e+23 8.09871e+28
1.32354e+26 6.04269e+23 8.1102e+28
1.32353e+26 6.03411e+23 8.12169e+28
1.32352e+26 6.02555e+23 8.13317e+28
1.32351e+26 6.01701e+23 8.14466e+28
1.32351e+26 6.0085e+23 8.15615e+28
1.3235e+26 6.00001e+23 8.16764e+28
1.32349e+26 5.99155e+23 8.17913e+28
1.32348e+26 5.98311e+23 8.19061e+28
1.32347e+26 5.97469e+23 8.2021e+28
1.32346e+26 5.9663e+23 8.21359e+28
1.32346e+26 5.95793e+23 8.22508e+28
1.32345e+26 5.94959e+23 8.23656e+28
1.32344e+26 5.94126e+23 8.24805e+28
1.32343e+26 5.93297e+23 8.25954e+28
1.32342e+26 5.92469e+23 8.27103e+28
1.32341e+26 5.91644e+23 8.28252e+28
1.32341e+26 5.90821e+23 8.294e+28
1.3234e+26 5.9e+23 8.30549e+28
1.32339e+26 5.89182e+23 8.31698e+28
1.32338e+26 5.88366e+23 8.32846e+28
1.32337e+26 5.87552e+23 8.33995e+28
1.32336e+26 5.8674e+23 8.35144e+28
1.32336e+26 5.85931e+23 8.36293e+28
1.32335e+26 5.85124e+23 8.37441e+28
1.32334e+26 5.84319e+23 8.3859e+28
1.32333e+26 5.83516e+23 8.39739e+28
1.32332e+26 5.82716e+23 8.40888e+28
1.32332e+26 5.81917e+23 8.42036e+28
1.32331e+26 5.81121e+23 8.43185e+28
1.3233e+26 5.80327e+23 8.44334e+28
1.32329e+26 5.79536e+23 8.45482e+28
1.32328e+26 5.78746e+23 8.46631e+28
1.32328e+26 5.77959e+23 8.4778e+28
1.32327e+26 5.77173e+23 8.48928e+28
1.32326e+26 5.7639e+23 8.50077e+28
1.32325e+26 5.75609e+23 8.51226e+28
1.32324e+26 5.7483e+23 8.52374e+28
1.32324e+26 5.74053e+23 8.53523e+28
1.32323e+26 5.73279e+23 8.54672e+28
1.32322e+26 5.72506e+23 8.5582e+28
1.32321e+26 5.71735e+23 8.56969e+28
1.32321e+26 5.70967e+23 8.58118e+28
1.3232e+26 5.70201e+23 8.59266e+28
1.32319e+26 5.69436e+23 8.60415e+28
1.32318e+26 5.68674e+23 8.61564e+28
1.32318e+26 5.67914e+23 8.62712e+28
1.32317e+26 5.67155e+23 8.63861e+28
1.32316e+26 5.66399e+23 8.6501e+28
1.32315e+26 5.65645e+23 8.66158e+28
1.32315e+26 5.64893e+23 8.67307e+28
1.32314e+26 5.64143e+23 8.68456e+28
1.32313e+26 5.63394e+23 8.69604e+28
1.32312e+26 5.62648e+23 8.70753e+28
1.32312e+26 5.61904e+23 8.71901e+28
1.32311e+26 5.61162e+23 8.7305e+28
1.3231e+26 5.60421e+23 8.74199e+28
1.32309e+26 5.59683e+23 8.75347e+28
1.32309e+26 5.58947e+23 8.76496e+28
1.32308e+26 5.58212e+23 8.77645e+28
1.32307e+26 5.5748e+23 8.78793e+28
1.32306e+26 5.56749e+23 8.79942e+28
1.32306e+26 5.5602e+23 8.8109e+28
1.32305e+26 5.55294e+23 8.82239e+28
1.32304e+26 5.54569e+23 8.83388e+28
1.32303e+26 5.53846e+23 8.84536e+28
1.32303e+26 5.53125e+23 8.85685e+28
1.32302e+26 5.52405e+23 8.86833e+28
1.32301e+26 5.51688e+23 8.87982e+28
1.32301e+26 5.50972e+23 8.8913e+28
1.323e+26 5.50259e+23 8.90279e+28
1.32299e+26 5.49547e+23 8.91428e+28
1.32298e+26 5.48837e+23 8.92576e+28
1.32298e+26 5.48129e+23 8.93725e+28
1.32297e+26 5.47423e+23 8.94873e+28
1.32296e+26 5.46718e+23 8.96022e+28
1.32296e+26 5.46016e+23 8.9717e+28
1.32295e+26 5.45315e+23 8.98319e+28
1.32294e+26 5.44616e+23 8.99468e+28
1.32294e+26 5.43918e+23 9.00616e+28
1.32293e+26 5.43223e+23 9.01765e+28
1.32292e+26 5.42529e+23 9.02913e+28
1.32291e+26 5.41837e+23 9.04062e+28
1.32291e+26 5.41147e+23 9.0521e+28
1.3229e+26 5.40459e+23 9.06359e+28
1.32289e+26 5.39772e+23 9.07507e+28
1.32289e+26 5.39087e+23 9.08656e+28
1.32288e+26 5.38404e+23 9.09804e+28
1.32287e+26 5.37722e+23 9.10953e+28
1.32287e+26 5.37043e+23 9.12101e+28
1.32286e+26 5.36365e+23 9.1325e+28
1.32285e+26 5.35688e+23 9.14398e+28
1.32285e+26 5.35014e+23 9.15547e+28
1.32284e+26 5.34341e+23 9.16695e+28
1.32283e+26 5.3367e+23 9.17844e+28
1.32283e+26 5.33e+23 9.18992e+28
1.32282e+26 5.32332e+23 9.20141e+28
1.32281e+26 5.31666e+23 9.21289e+28
1.32281e+26 5.31002e+23 9.22438e+28
1.3228e+26 5.30339e+23 9.23586e+28
1.32279e+26 5.29678e+23 9.24735e+28
1.32279e+26 5.29018e+23 9.25883e+28
1.32278e+26 5.2836e+23 9.27032e+28
1.32277e+26 5.27704e+23 9.2818e+28
1.32277e+26 5.27049e+23 9.29329e+28
1.32276e+26 5.26396e+23 9.30477e+28
1.32275e+26 5.25745e+23 9.31626e+28
1.32275e+26 5.25095e+23 9.32774e+28
1.32274e+26 5.24447e+23 9.33923e+28
1.32273e+26 5.238e+23 9.35071e+28
1.32273e+26 5.23155e+23 9.3622e+28
1.32272e+26 5.22512e+23 9.37368e+28
1.32271e+26 5.2187e+23 9.38516e+28
1.32271e+26 5.2123e+23 9.39665e+28
1.3227e+26 5.20591e+23 9.40813e+28
1.3227e+26 5.19954e+23 9.41962e+28
1.32269e+26 5.19319e+23 9.4311e+28
1.32268e+26 5.18685e+23 9.44259e+28
1.32268e+26 5.18052e+23 9.45407e+28
1.32267e+26 5.17421e+23 9.46556e+28
1.32266e+26 5.16792e+23 9.47704e+28
1.32266e+26 5.16164e+23 9.48852e+28
1.32265e+26 5.15538e+23 9.50001e+28
1.32264e+26 5.14913e+23 9.51149e+28
1.32264e+26 5.1429e+23 9.52298e+28
1.32263e+26 5.13668e+23 9.53446e+28
1.32263e+26 5.13048e+23 9.54595e+28
1.32262e+26 5.12429e+23 9.55743e+28
1.32261e+26 5.11812e+23 9.56891e+28
1.32261e+26 5.11196e+23 9.5804e+28
1.3226e+26 5.10582e+23 9.59188e+28
1.3226e+26 5.09969e+23 9.60337e+28
1.32259e+26 5.09358e+23 9.61485e+28
1.32258e+26 5.08748e+23 9.62633e+28
1.32258e+26 5.08139e+23 9.63782e+28
1.32257e+26 5.07532e+23 9.6493e+28
1.32256e+26 5.06927e+23 9.66079e+28
1.32256e+26 5.06323e+23 9.67227e+28
1.32255e+26 5.0572e+23 9.68375e+28
1.32255e+26 5.05119e+23 9.69524e+28
1.32254e+26 5.04519e+23 9.70672e+28
1.32253e+26 5.03921e+23 9.7182e+28
1.32253e+26 5.03324e+23 9.72969e+28
1.32252e+26 5.02728e+23 9.74117e+28
1.32252e+26 5.02134e+23 9.75266e+28
1.32251e+26 5.01542e+23 9.76414e+28
1.3225e+26 5.0095e+23 9.77562e+28
1.3225e+26 5.0036e+23 9.78711e+28
1.32249e+26 4.99772e+23 9.79859e+28
1.32249e+26 4.99185e+23 9.81007e+28
1.32248e+26 4.98599e+23 9.82156e+28
1.32248e+26 4.98015e+23 9.83304e+28
1.32247e+26 4.97432e+23 9.84452e+28
1.32246e+26 4.9685e+23 9.85601e+28
1.32246e+26 4.9627e+23 9.86749e+28
1.32245e+26 4.95691e+23 9.87897e+28
1.32245e+26 4.95113e+23 9.89046e+28
1.32244e+26 4.94537e+23 9.90194e+28
1.32243e+26 4.93962e+23 9.91342e+28
1.32243e+26 4.93388e+23 9.92491e+28
1.32242e+26 4.92816e+23 9.93639e+28
1.32242e+26 4.92245e+23 9.94787e+28
1.32241e+26 4.91676e+23 9.95936e+28
1.32241e+26 4.91108e+23 9.97084e+28
1.3224e+26 4.90541e+23 9.98232e+28
1.32239e+26 4.89975e+23 9.99381e+28
1.32239e+26 4.89411e+23 1.00053e+29
1.32238e+26 4.88848e+23 1.00168e+29
1.32238e+26 4.88286e+23 1.00283e+29
1.32237e+26 4.87725e+23 1.00397e+29
1.32237e+26 4.87166e+23 1.00512e+29
1.32236e+26 4.86608e+23 1.00627e+29
1.32236e+26 4.86052e+23 1.00742e+29
1.32235e+26 4.85496e+23 1.00857e+29
1.32234e+26 4.84942e+23 1.00972e+29
1.32234e+26 4.8439e+23 1.01086e+29
1.32233e+26 4.83838e+23 1.01201e+29
1.32233e+26 4.83288e+23 1.01316e+29
1.32232e+26 4.82739e+23 1.01431e+29
1.32232e+26 4.82191e+23 1.01546e+29
1.32231e+26 4.81644e+23 1.01661e+29
1.32231e+26 4.81099e+23 1.01775e+29
1.3223e+26 4.80555e+23 1.0189e+29
1.3223e+26 4.80012e+23 1.02005e+29
1.32229e+26 4.79471e+23 1.0212e+29
1.32228e+26 4.7893e+23 1.02235e+29
1.32228e+26 4.78391e+23 1.02349e+29
1.32227e+26 4.77853e+23 1.02464e+29
1.32227e+26 4.77316e+23 1.02579e+29
1.32226e+26 4.76781e+23 1.02694e+29
1.32226e+26 4.76246e+23 1.02809e+29
1.32225e+26 4.75713e+23 1.02924e+29
1.32225e+26 4.75181e+23 1.03038e+29
1.32224e+26 4.74651e+23 1.03153e+29
1.32224e+26 4.74121e+23 1.03268e+29
1.32223e+26 4.73593e+23 1.03383e+29
1.32223e+26 4.73065e+23 1.03498e+29
1.32222e+26 4.72539e+23 1.03613e+29
1.32221e+26 4.72014e+23 1.03727e+29
1.32221e+26 4.71491e+23 1.03842e+29
1.3222e+26 4.70968e+23 1.03957e+29
1.3222e+26 4.70447e+23 1.04072e+29
1.32219e+26 4.69927e+23 1.04187e+29
1.32219e+26 4.69407e+23 1.04301e+29
1.32218e+26 4.6889e+23 1.04416e+29
1.32218e+26 4.68373e+23 1.04531e+29
1.32217e+26 4.67857e+23 1.04646e+29
1.32217e+26 4.67343e+23 1.04761e+29
1.32216e+26 4.66829e+23 1.04876e+29
1.32216e+26 4.66317e+23 1.0499e+29
1.32215e+26 4.65806e+23 1.05105e+29
1.32215e+26 4.65296e+23 1.0522e+29
1.32214e+26 4.64787e+23 1.05335e+29
1.32214e+26 4.64279e+23 1.0545e+29
1.32213e+26 4.63772e+23 1.05565e+29
1.32213e+26 4.63267e+23 1.05679e+29
1.32212e+26 4.62762e+23 1.05794e+29
1.32212e+26 4.62259e+23 1.05909e+29
1.32211e+26 4.61757e+23 1.06024e+29
1.32211e+26 4.61256e+23 1.06139e+29
1.3221e+26 4.60755e+23 1.06253e+29
1.3221e+26 4.60256e+23 1.06368e+29
1.32209e+26 4.59759e+23 1.06483e+29
1.32209e+26 4.59262e+23 1.06598e+29
1.32208e+26 4.58766e+23 1.06713e+29
1.32208e+26 4.58271e+23 1.06828e+29
1.32207e+26 4.57778e+23 1.06942e+29
1.32207e+26 4.57285e+23 1.07057e+29
1.32206e+26 4.56793e+23 1.07172e+29
1.32206e+26 4.56303e+23 1.07287e+29
1.32205e+26 4.55814e+23 1.07402e+29
1.32205e+26 4.55325e+23 1.07516e+29
1.32204e+26 4.54838e+23 1.07631e+29
1.32204e+26 4.54352e+23 1.07746e+29
1.32203e+26 4.53866e+23 1.07861e+29
1.32203e+26 4.53382e+23 1.07976e+29
1.32202e+26 4.52899e+23 1.08091e+29
1.32202e+26 4.52417e+23 1.08205e+29
1.32201e+26 4.51936e+23 1.0832e+29
1.32201e+26 4.51456e+23 1.08435e+29
1.322e+26 4.50977e+23 1.0855e+29
1.322e+26 4.50499e+23 1.08665e+29
1.32199e+26 4.50021e+23 1.08779e+29
1.32199e+26 4.49545e+23 1.08894e+29
1.32199e+26 4.4907e+23 1.09009e+29
1.32198e+26 4.48596e+23 1.09124e+29
1.32198e+26 4.48123e+23 1.09239e+29
1.32197e+26 4.47651e+23 1.09353e+29
1.32197e+26 4.4718e+23 1.09468e+29
1.32196e+26 4.4671e+23 1.09583e+29
1.32196e+26 4.46241e+23 1.09698e+29
1.32195e+26 4.45773e+23 1.09813e+29
1.32195e+26 4.45306e+23 1.09928e+29
1.32194e+26 4.4484e+23 1.10042e+29
1.32194e+26 4.44375e+23 1.10157e+29
1.32193e+26 4.43911e+23 1.10272e+29
1.32193e+26 4.43448e+23 1.10387e+29
1.32192e+26 4.42985e+23 1.10502e+29
1.32192e+26 4.42524e+23 1.10616e+29
1.32191e+26 4.42064e+23 1.10731e+29
1.32191e+26 4.41605e+23 1.10846e+29
1.32191e+26 4.41146e+23 1.10961e+29
1.3219e+26 4.40689e+23 1.11076e+29
1.3219e+26 4.40232e+23 1.1119e+29
1.32189e+26 4.39777e+23 1.11305e+29
1.32189e+26 4.39322e+23 1.1142e+29
1.32188e+26 4.38868e+23 1.11535e+29
1.32188e+26 4.38416e+23 1.1165e+29
1.32187e+26 4.37964e+23 1.11765e+29
1.32187e+26 4.37513e+23 1.11879e+29
1.32186e+26 4.37063e+23 1.11994e+29
1.32186e+26 4.36614e+23 1.12109e+29
1.32186e+26 4.36166e+23 1.12224e+29
1.32185e+26 4.35719e+23 1.12339e+29
1.32185e+26 4.35273e+23 1.12453e+29
1.32184e+26 4.34827e+23 1.12568e+29
1.32184e+26 4.34383e+23 1.12683e+29
1.32183e+26 4.33939e+23 1.12798e+29
1.32183e+26 4.33497e+23 1.12913e+29
1.32182e+26 4.33055e+23 1.13027e+29
1.32182e+26 4.32614e+23 1.13142e+29
1.32182e+26 4.32174e+23 1.13257e+29
1.32181e+26 4.31735e+23 1.13372e+29
1.32181e+26 4.31297e+23 1.13487e+29
1.3218e+26 4.3086e+23 1.13601e+29
1.3218e+26 4.30424e+23 1.13716e+29
1.32179e+26 4.29988e+23 1.13831e+29
1.32179e+26 4.29554e+23 1.13946e+29
1.32179e+26 4.2912e+23 1.14061e+29
1.32178e+26 4.28687e+23 1.14175e+29
1.32178e+26 4.28255e+23 1.1429e+29
1.32177e+26 4.27824e+23 1.14405e+29
1.32177e+26 4.27394e+23 1.1452e+29
1.32176e+26 4.26965e+23 1.14635e+29
1.32176e+26 4.26536e+23 1.14749e+29
1.32176e+26 4.26109e+23 1.14864e+29
1.32175e+26 4.25682e+23 1.14979e+29
1.32175e+26 4.25256e+23 1.15094e+29
1.32174e+26 4.24831e+23 1.15209e+29
1.32174e+26 4.24407e+23 1.15323e+29
1.32173e+26 4.23983e+23 1.15438e+29
1.32173e+26 4.23561e+23 1.15553e+29
1.32173e+26 4.23139e+23 1.15668e+29
1.32172e+26 4.22718e+23 1.15783e+29
1.32172e+26 4.22298e+23 1.15898e+29
1.32171e+26 4.21879e+23 1.16012e+29
1.32171e+26 4.21461e+23 1.16127e+29
1.3217e+26 4.21043e+23 1.16242e+29
1.3217e+26 4.20626e+23 1.16357e+29
1.3217e+26 4.20211e+23 1.16472e+29
1.32169e+26 4.19796e+23 1.16586e+29
1.32169e+26 4.19381e+23 1.16701e+29
1.32168e+26 4.18968e+23 1.16816e+29
1.32168e+26 4.18555e+23 1.16931e+29
1.32168e+26 4.18144e+23 1.17046e+29
1.32167e+26 4.17733e+23 1.1716e+29
1.32167e+26 4.17323e+23 1.17275e+29
1.32166e+26 4.16913e+23 1.1739e+29
1.32166e+26 4.16505e+23 1.17505e+29
1.32165e+26 4.16097e+23 1.1762e+29
1.32165e+26 4.1569e+23 1.17734e+29
1.32165e+26 4.15284e+23 1.17849e+29
1.32164e+26 4.14878e+23 1.17964e+29
1.32164e+26 4.14474e+23 1.18079e+29
1.32163e+26 4.1407e+23 1.18194e+29
1.32163e+26 4.13667e+23 1.18308e+29
1.32163e+26 4.13265e+23 1.18423e+29
1.32162e+26 4.12864e+23 1.18538e+29
1.32162e+26 4.12463e+23 1.18653e+29
1.32161e+26 4.12063e+23 1.18768e+29
1.32161e+26 4.11664e+23 1.18882e+29
1.32161e+26 4.11266e+23 1.18997e+29
1.3216e+26 4.10868e+23 1.19112e+29
1.3216e+26 4.10471e+23 1.19227e+29
1.32159e+26 4.10075e+23 1.19342e+29
1.32159e+26 4.0968e+23 1.19456e+29
1.32159e+26 4.09286e+23 1.19571e+29
1.32158e+26 4.08892e+23 1.19686e+29
1.32158e+26 4.08499e+23 1.19801e+29
1.32157e+26 4.08107e+23 1.19915e+29
1.32157e+26 4.07715e+23 1.2003e+29
1.32157e+26 4.07324e+23 1.20145e+29
1.32156e+26 4.06935e+23 1.2026e+29
1.32156e+26 4.06545e+23 1.20375e+29
1.32156e+26 4.06157e+23 1.20489e+29
1.32155e+26 4.05769e+23 1.20604e+29
1.32155e+26 4.05382e+23 1.20719e+29
1.32154e+26 4.04996e+23 1.20834e+29
1.32154e+26 4.0461e+23 1.20949e+29
1.32154e+26 4.04226e+23 1.21063e+29
1.32153e+26 4.03842e+23 1.21178e+29
1.32153e+26 4.03458e+23 1.21293e+29
1.32152e+26 4.03076e+23 1.21408e+29
1.32152e+26 4.02694e+23 1.21523e+29
1.32152e+26 4.02313e+23 1.21637e+29
1.32151e+26 4.01932e+23 1.21752e+29
1.32151e+26 4.01553e+23 1.21867e+29
1.32151e+26 4.01174e+23 1.21982e+29
1.3215e+26 4.00795e+23 1.22097e+29
1.3215e+26 4.00418e+23 1.22211e+29
1.32149e+26 4.00041e+23 1.22326e+29
1.32149e+26 3.99665e+23 1.22441e+29
1.32149e+26 3.99289e+23 1.22556e+29
1.32148e+26 3.98915e+23 1.22671e+29
1.32148e+26 3.98541e+23 1.22785e+29
1.32148e+26 3.98167e+23 1.229e+29
1.32147e+26 3.97795e+23 1.23015e+29
1.32147e+26 3.97423e+23 1.2313e+29
1.32146e+26 3.97051e+23 1.23245e+29
1.32146e+26 3.96681e+23 1.23359e+29
1.32146e+26 3.96311e+23 1.23474e+29
1.32145e+26 3.95942e+23 1.23589e+29
1.32145e+26 3.95573e+23 1.23704e+29
1.32145e+26 3.95206e+23 1.23818e+29
1.32144e+26 3.94839e+23 1.23933e+29
1.32144e+26 3.94472e+23 1.24048e+29
1.32143e+26 3.94106e+23 1.24163e+29
1.32143e+26 3.93741e+23 1.24278e+29
1.32143e+26 3.93377e+23 1.24392e+29
1.32142e+26 3.93013e+23 1.24507e+29
1.32142e+26 3.9265e+23 1.24622e+29
1.32142e+26 3.92288e+23 1.24737e+29
1.32141e+26 3.91926e+23 1.24852e+29
1.32141e+26 3.91565e+23 1.24966e+29
1.32141e+26 3.91205e+23 1.25081e+29
1.3214e+26 3.90845e+23 1.25196e+29
1.3214e+26 3.90486e+23 1.25311e+29
1.32139e+26 3.90128e+23 1.25426e+29
1.32139e+26 3.8977e+23 1.2554e+29
1.32139e+26 3.89413e+23 1.25655e+29
1.32138e+26 3.89057e+23 1.2577e+29
1.32138e+26 3.88701e+23 1.25885e+29
1.32138e+26 3.88346e+23 1.25999e+29
1.32137e+26 3.87991e+23 1.26114e+29
1.32137e+26 3.87637e+23 1.26229e+29
1.32137e+26 3.87284e+23 1.26344e+29
1.32136e+26 3.86932e+23 1.26459e+29
1.32136e+26 3.8658e+23 1.26573e+29
1.32136e+26 3.86229e+23 1.26688e+29
1.32135e+26 3.85878e+23 1.26803e+29
1.32135e+26 3.85528e+23 1.26918e+29
1.32135e+26 3.85179e+23 1.27033e+29
1.32134e+26 3.8483e+23 1.27147e+29
1.32134e+26 3.84482e+23 1.27262e+29
1.32133e+26 3.84135e+23 1.27377e+29
1.32133e+26 3.83788e+23 1.27492e+29
1.32133e+26 3.83442e+23 1.27606e+29
1.32132e+26 3.83096e+23 1.27721e+29
1.32132e+26 3.82751e+23 1.27836e+29
1.32132e+26 3.82407e+23 1.27951e+29
1.32131e+26 3.82063e+23 1.28066e+29
1.32131e+26 3.8172e+23 1.2818e+29
1.32131e+26 3.81377e+23 1.28295e+29
1.3213e+26 3.81036e+23 1.2841e+29
1.3213e+26 3.80694e+23 1.28525e+29
1.3213e+26 3.80354e+23 1.2864e+29
1.32129e+26 3.80014e+23 1.28754e+29
1.32129e+26 3.79674e+23 1.28869e+29
1.32129e+26 3.79336e+23 1.28984e+29
1.32128e+26 3.78997e+23 1.29099e+29
1.32128e+26 3.7866e+23 1.29213e+29
1.32128e+26 3.78323e+23 1.29328e+29
1.32127e+26 3.77986e+23 1.29443e+29
1.32127e+26 3.77651e+23 1.29558e+29
1.32127e+26 3.77315e+23 1.29673e+29
1.32126e+26 3.76981e+23 1.29787e+29
1.32126e+26 3.76647e+23 1.29902e+29
1.32126e+26 3.76313e+23 1.30017e+29
1.32125e+26 3.75981e+23 1.30132e+29
1.32125e+26 3.75648e+23 1.30247e+29
1.32125e+26 3.75317e+23 1.30361e+29
1.32124e+26 3.74986e+23 1.30476e+29
1.32124e+26 3.74655e+23 1.30591e+29
1.32124e+26 3.74325e+23 1.30706e+29
1.32123e+26 3.73996e+23 1.3082e+29
1.32123e+26 3.73667e+23 1.30935e+29
1.32123e+26 3.73339e+23 1.3105e+29
1.32122e+26 3.73011e+23 1.31165e+29
1.32122e+26 3.72684e+23 1.3128e+29
1.32122e+26 3.72358e+23 1.31394e+29
1.32121e+26 3.72032e+23 1.31509e+29
1.32121e+26 3.71707e+23 1.31624e+29
1.32121e+26 3.71382e+23 1.31739e+29
1.3212e+26 3.71058e+23 1.31853e+29
1.3212e+26 3.70734e+23 1.31968e+29
1.3212e+26 3.70411e+23 1.32083e+29
1.32119e+26 3.70089e+23 1.32198e+29
1.32119e+26 3.69767e+23 1.32313e+29
1.32119e+26 3.69446e+23 1.32427e+29
1.32118e+26 3.69125e+23 1.32542e+29
1.32118e+26 3.68805e+23 1.32657e+29
1.32118e+26 3.68485e+23 1.32772e+29
1.32117e+26 3.68166e+23 1.32886e+29
1.32117e+26 3.67847e+23 1.33001e+29
1.32117e+26 3.67529e+23 1.33116e+29
1.32117e+26 3.67212e+23 1.33231e+29
1.32116e+26 3.66895e+23 1.33346e+29
1.32116e+26 3.66578e+23 1.3346e+29
1.32116e+26 3.66263e+23 1.33575e+29
1.32115e+26 3.65947e+23 1.3369e+29
1.32115e+26 3.65633e+23 1.33805e+29
1.32115e+26 3.65318e+23 1.33919e+29
1.32114e+26 3.65005e+23 1.34034e+29
1.32114e+26 3.64692e+23 1.34149e+29
1.32114e+26 3.64379e+23 1.34264e+29
1.32113e+26 3.64067e+23 1.34379e+29
1.32113e+26 3.63755e+23 1.34493e+29
1.32113e+26 3.63444e+23 1.34608e+29
1.32112e+26 3.63134e+23 1.34723e+29
1.32112e+26 3.62824e+23 1.34838e+29
1.32112e+26 3.62515e+23 1.34952e+29
1.32112e+26 3.62206e+23 1.35067e+29
1.32111e+26 3.61898e+23 1.35182e+29
1.32111e+26 3.6159e+23 1.35297e+29
1.32111e+26 3.61282e+23 1.35412e+29
1.3211e+26 3.60976e+23 1.35526e+29
1.3211e+26 3.60669e+23 1.35641e+29
1.3211e+26 3.60364e+23 1.35756e+29
1.32109e+26 3.60058e+23 1.35871e+29
1.32109e+26 3.59754e+23 1.35985e+29
1.32109e+26 3.5945e+23 1.361e+29
1.32108e+26 3.59146e+23 1.36215e+29
1.32108e+26 3.58843e+23 1.3633e+29
1.32108e+26 3.5854e+23 1.36445e+29
1.32108e+26 3.58238e+23 1.36559e+29
1.32107e+26 3.57936e+23 1.36674e+29
1.32107e+26 3.57635e+23 1.36789e+29
1.32107e+26 3.57335e+23 1.36904e+29
1.32106e+26 3.57035e+23 1.37018e+29
1.32106e+26 3.56735e+23 1.37133e+29
1.32106e+26 3.56436e+23 1.37248e+29
1.32105e+26 3.56137e+23 1.37363e+29
1.32105e+26 3.55839e+23 1.37478e+29
1.32105e+26 3.55542e+23 1.37592e+29
1.32105e+26 3.55245e+23 1.37707e+29
1.32104e+26 3.54948e+23 1.37822e+29
1.32104e+26 3.54652e+23 1.37937e+29
1.32104e+26 3.54356e+23 1.38051e+29
1.32103e+26 3.54061e+23 1.38166e+29
1.32103e+26 3.53767e+23 1.38281e+29
1.32103e+26 3.53472e+23 1.38396e+29
1.32102e+26 3.53179e+23 1.3851e+29
1.32102e+26 3.52886e+23 1.38625e+29
1.32102e+26 3.52593e+23 1.3874e+29
1.32102e+26 3.52301e+23 1.38855e+29
1.32101e+26 3.52009e+23 1.3897e+29
1.32101e+26 3.51718e+23 1.39084e+29
