1.17843e+26 2.35686e+26 2.36262e+26
1.17843e+26 2.35686e+26 2.36698e+26
1.17843e+26 2.35686e+26 2.36994e+26
1.17843e+26 2.35686e+26 2.37151e+26
1.17843e+26 2.35686e+26 2.37169e+26
1.17843e+26 2.35686e+26 2.37048e+26
1.17843e+26 2.35686e+26 2.3679e+26
1.17843e+26 2.35686e+26 2.36394e+26
1.17843e+26 2.35686e+26 2.35862e+26
1.17843e+26 2.35686e+26 2.35196e+26
1.17843e+26 2.35686e+26 2.34396e+26
1.17843e+26 2.35686e+26 2.33465e+26
1.17843e+26 2.35686e+26 2.32403e+26
1.17843e+26 2.35686e+26 2.31213e+26
1.17842e+26 2.35686e+26 2.29897e+26
1.17842e+26 2.35685e+26 2.28456e+26
1.17842e+26 2.35685e+26 2.26893e+26
1.17842e+26 2.35685e+26 2.25211e+26
1.17842e+26 2.35685e+26 2.23411e+26
1.17842e+26 2.35685e+26 2.21497e+26
1.17842e+26 2.35685e+26 2.19472e+26
1.17842e+26 2.35685e+26 2.17338e+26
1.17842e+26 2.35685e+26 2.15098e+26
1.17842e+26 2.35685e+26 2.12756e+26
1.17841e+26 2.35685e+26 2.10314e+26
1.17841e+26 2.35684e+26 2.07777e+26
1.17841e+26 2.35684e+26 2.05148e+26
1.17841e+26 2.35684e+26 2.02431e+26
1.17841e+26 2.35684e+26 1.99628e+26
1.17841e+26 2.35684e+26 1.96745e+26
1.17841e+26 2.35684e+26 1.93785e+26
1.17841e+26 2.35684e+26 1.90751e+26
1.1784e+26 2.35683e+26 1.87649e+26
1.1784e+26 2.35683e+26 1.84482e+26
1.1784e+26 2.35683e+26 1.81254e+26
1.1784e+26 2.35683e+26 1.7797e+26
1.1784e+26 2.35683e+26 1.74634e+26
1.17839e+26 2.35683e+26 1.71251e+26
1.17839e+26 2.35682e+26 1.67824e+26
1.17839e+26 2.35682e+26 1.64359e+26
1.17839e+26 2.35682e+26 1.60861e+26
1.17839e+26 2.35682e+26 1.57332e+26
1.17839e+26 2.35682e+26 1.5378e+26
1.17838e+26 2.35681e+26 1.50207e+26
1.17838e+26 2.35681e+26 1.46618e+26
1.17838e+26 2.35681e+26 1.43019e+26
1.17838e+26 2.35681e+26 1.39414e+26
1.17837e+26 2.35681e+26 1.35807e+26
1.17837e+26 2.3568e+26 1.32204e+26
1.17837e+26 2.3568e+26 1.28608e+26
1.17837e+26 2.3568e+26 1.25025e+26
1.17837e+26 2.3568e+26 1.21459e+26
1.17836e+26 2.35679e+26 1.17915e+26
1.17836e+26 2.35679e+26 1.14397e+26
1.17836e+26 2.35679e+26 1.1091e+26
1.17836e+26 2.35679e+26 1.07458e+26
1.17835e+26 2.35678e+26 1.04046e+26
1.17835e+26 2.35678e+26 1.00678e+26
1.17835e+26 2.35678e+26 9.7358e+25
1.17835e+26 2.35678e+26 9.4091e+25
1.17834e+26 2.35677e+26 9.08807e+25
1.17834e+26 2.35677e+26 8.77313e+25
1.17834e+26 2.35677e+26 8.46467e+25
1.17834e+26 2.35677e+26 8.1631e+25
1.17833e+26 2.35676e+26 7.8688e+25
1.17833e+26 2.35676e+26 7.58213e+25
1.17833e+26 2.35676e+26 7.30347e+25
1.17833e+26 2.35676e+26 7.03317e+25
1.17832e+26 2.35675e+26 6.77157e+25
1.17832e+26 2.35675e+26 6.519e+25
1.17832e+26 2.35675e+26 6.27578e+25
1.17831e+26 2.35674e+26 6.04222e+25
1.17831e+26 2.35674e+26 5.81862e+25
1.17831e+26 2.35674e+26 5.60526e+25
1.17831e+26 2.35674e+26 5.40241e+25
1.1783e+26 2.35673e+26 5.21033e+25
1.1783e+26 2.35673e+26 5.02926e+25
1.1783e+26 2.35673e+26 4.85943e+25
1.17829e+26 2.35673e+26 4.70105e+25
1.17829e+26 2.35672e+26 4.55432e+25
1.17829e+26 2.35672e+26 4.41943e+25
1.17829e+26 2.35672e+26 4.29655e+25
1.17828e+26 2.35671e+26 4.18583e+25
1.17828e+26 2.35671e+26 4.08742e+25
1.17828e+26 2.35671e+26 4.00144e+25
1.17827e+26 2.3567e+26 3.92799e+25
1.17827e+26 2.3567e+26 3.86717e+25
1.17827e+26 2.3567e+26 3.81906e+25
1.17827e+26 2.3567e+26 3.78371e+25
1.17826e+26 2.35669e+26 3.76118e+25
1.17826e+26 2.35669e+26 3.75148e+25
1.17826e+26 2.35669e+26 3.75463e+25
1.17825e+26 2.35668e+26 3.77063e+25
1.17825e+26 2.35668e+26 3.79946e+25
1.17825e+26 2.35668e+26 3.84108e+25
1.17824e+26 2.35668e+26 3.89544e+25
1.17824e+26 2.35667e+26 3.96246e+25
1.17824e+26 2.35667e+26 4.04207e+25
1.17824e+26 2.35667e+26 4.13417e+25
1.17823e+26 2.35666e+26 4.23863e+25
1.17823e+26 2.35666e+26 4.35532e+25
1.17823e+26 2.35666e+26 4.48411e+25
1.17822e+26 2.35665e+26 4.62482e+25
1.17822e+26 2.35665e+26 4.77727e+25
1.17822e+26 2.35665e+26 4.94129e+25
1.17822e+26 2.35665e+26 5.11665e+25
1.17821e+26 2.35664e+26 5.30313e+25
1.17821e+26 2.35664e+26 5.5005e+25
1.17821e+26 2.35664e+26 5.70852e+25
1.1782e+26 2.35663e+26 5.92691e+25
1.1782e+26 2.35663e+26 6.1554e+25
1.1782e+26 2.35663e+26 6.3937e+25
1.1782e+26 2.35663e+26 6.6415e+25
1.17819e+26 2.35662e+26 6.89851e+25
1.17819e+26 2.35662e+26 7.16438e+25
1.17819e+26 2.35662e+26 7.43878e+25
1.17819e+26 2.35662e+26 7.72136e+25
1.17818e+26 2.35661e+26 8.01177e+25
1.17818e+26 2.35661e+26 8.30963e+25
1.17818e+26 2.35661e+26 8.61456e+25
1.17817e+26 2.35661e+26 8.92619e+25
1.17817e+26 2.3566e+26 9.2441e+25
1.17817e+26 2.3566e+26 9.56789e+25
1.17817e+26 2.3566e+26 9.89716e+25
1.17816e+26 2.3566e+26 1.02315e+26
1.17816e+26 2.35659e+26 1.05704e+26
1.17816e+26 2.35659e+26 1.09136e+26
1.17816e+26 2.35659e+26 1.12604e+26
1.17816e+26 2.35659e+26 1.16106e+26
1.17815e+26 2.35658e+26 1.19637e+26
1.17815e+26 2.35658e+26 1.23191e+26
1.17815e+26 2.35658e+26 1.26765e+26
1.17815e+26 2.35658e+26 1.30354e+26
1.17814e+26 2.35657e+26 1.33953e+26
1.17814e+26 2.35657e+26 1.37558e+26
1.17814e+26 2.35657e+26 1.41164e+26
1.17814e+26 2.35657e+26 1.44766e+26
1.17814e+26 2.35657e+26 1.48359e+26
1.17813e+26 2.35656e+26 1.5194e+26
1.17813e+26 2.35656e+26 1.55502e+26
1.17813e+26 2.35656e+26 1.59043e+26
1.17813e+26 2.35656e+26 1.62556e+26
1.17813e+26 2.35656e+26 1.66038e+26
1.17812e+26 2.35656e+26 1.69483e+26
1.17812e+26 2.35655e+26 1.72888e+26
1.17812e+26 2.35655e+26 1.76248e+26
1.17812e+26 2.35655e+26 1.79558e+26
1.17812e+26 2.35655e+26 1.82814e+26
1.17812e+26 2.35655e+26 1.86012e+26
1.17811e+26 2.35655e+26 1.89147e+26
1.17811e+26 2.35654e+26 1.92215e+26
1.17811e+26 2.35654e+26 1.95212e+26
1.17811e+26 2.35654e+26 1.98135e+26
1.17811e+26 2.35654e+26 2.00978e+26
1.17811e+26 2.35654e+26 2.03739e+26
1.17811e+26 2.35654e+26 2.06413e+26
1.1781e+26 2.35654e+26 2.08997e+26
1.1781e+26 2.35653e+26 2.11487e+26
1.1781e+26 2.35653e+26 2.13879e+26
1.1781e+26 2.35653e+26 2.16171e+26
1.1781e+26 2.35653e+26 2.18359e+26
1.1781e+26 2.35653e+26 2.2044e+26
1.1781e+26 2.35653e+26 2.22411e+26
1.1781e+26 2.35653e+26 2.24269e+26
1.1781e+26 2.35653e+26 2.26011e+26
1.1781e+26 2.35653e+26 2.27635e+26
1.17809e+26 2.35653e+26 2.29139e+26
1.17809e+26 2.35652e+26 2.30519e+26
1.17809e+26 2.35652e+26 2.31774e+26
1.17809e+26 2.35652e+26 2.32902e+26
1.17809e+26 2.35652e+26 2.339e+26
1.17809e+26 2.35652e+26 2.34767e+26
1.17809e+26 2.35652e+26 2.35502e+26
1.17809e+26 2.35652e+26 2.36103e+26
1.17809e+26 2.35652e+26 2.36569e+26
1.17809e+26 2.35652e+26 2.36898e+26
1.17809e+26 2.35652e+26 2.3709e+26
1.17809e+26 2.35652e+26 2.37144e+26
1.17809e+26 2.35652e+26 2.37059e+26
1.17809e+26 2.35652e+26 2.36835e+26
1.17809e+26 2.35652e+26 2.36471e+26
1.17809e+26 2.35652e+26 2.35967e+26
1.17809e+26 2.35652e+26 2.35947e+26
1.17809e+26 2.35652e+26 2.36456e+26
1.17809e+26 2.35652e+26 2.36824e+26
1.17809e+26 2.35652e+26 2.37053e+26
1.17809e+26 2.35652e+26 2.37143e+26
1.17809e+26 2.35652e+26 2.37094e+26
1.17809e+26 2.35652e+26 2.36907e+26
1.17809e+26 2.35652e+26 2.36583e+26
1.17809e+26 2.35652e+26 2.36122e+26
1.17809e+26 2.35652e+26 2.35526e+26
1.17809e+26 2.35652e+26 2.34795e+26
1.17809e+26 2.35652e+26 2.33933e+26
1.17809e+26 2.35652e+26 2.32939e+26
1.17809e+26 2.35652e+26 2.31816e+26
1.17809e+26 2.35652e+26 2.30565e+26
1.17809e+26 2.35653e+26 2.29189e+26
1.1781e+26 2.35653e+26 2.2769e+26
1.1781e+26 2.35653e+26 2.26071e+26
1.1781e+26 2.35653e+26 2.24332e+26
1.1781e+26 2.35653e+26 2.22478e+26
1.1781e+26 2.35653e+26 2.20511e+26
1.1781e+26 2.35653e+26 2.18434e+26
1.1781e+26 2.35653e+26 2.1625e+26
1.1781e+26 2.35653e+26 2.13962e+26
1.1781e+26 2.35653e+26 2.11573e+26
1.1781e+26 2.35654e+26 2.09086e+26
1.17811e+26 2.35654e+26 2.06505e+26
1.17811e+26 2.35654e+26 2.03835e+26
1.17811e+26 2.35654e+26 2.01077e+26
1.17811e+26 2.35654e+26 1.98236e+26
1.17811e+26 2.35654e+26 1.95317e+26
1.17811e+26 2.35654e+26 1.92322e+26
1.17811e+26 2.35654e+26 1.89256e+26
1.17812e+26 2.35655e+26 1.86123e+26
1.17812e+26 2.35655e+26 1.82928e+26
1.17812e+26 2.35655e+26 1.79674e+26
1.17812e+26 2.35655e+26 1.76365e+26
1.17812e+26 2.35655e+26 1.73007e+26
1.17812e+26 2.35655e+26 1.69604e+26
1.17813e+26 2.35656e+26 1.6616e+26
1.17813e+26 2.35656e+26 1.62679e+26
1.17813e+26 2.35656e+26 1.59167e+26
1.17813e+26 2.35656e+26 1.55627e+26
1.17813e+26 2.35656e+26 1.52065e+26
1.17814e+26 2.35657e+26 1.48486e+26
1.17814e+26 2.35657e+26 1.44892e+26
1.17814e+26 2.35657e+26 1.41291e+26
1.17814e+26 2.35657e+26 1.37685e+26
1.17814e+26 2.35657e+26 1.3408e+26
1.17815e+26 2.35658e+26 1.30481e+26
1.17815e+26 2.35658e+26 1.26892e+26
1.17815e+26 2.35658e+26 1.23317e+26
1.17815e+26 2.35658e+26 1.19762e+26
1.17815e+26 2.35659e+26 1.1623e+26
1.17816e+26 2.35659e+26 1.12727e+26
1.17816e+26 2.35659e+26 1.09257e+26
1.17816e+26 2.35659e+26 1.05825e+26
1.17816e+26 2.35659e+26 1.02434e+26
1.17817e+26 2.3566e+26 9.90887e+25
1.17817e+26 2.3566e+26 9.57942e+25
1.17817e+26 2.3566e+26 9.25543e+25
1.17817e+26 2.3566e+26 8.9373e+25
1.17818e+26 2.35661e+26 8.62545e+25
1.17818e+26 2.35661e+26 8.32027e+25
1.17818e+26 2.35661e+26 8.02216e+25
1.17818e+26 2.35661e+26 7.73148e+25
1.17819e+26 2.35662e+26 7.44862e+25
1.17819e+26 2.35662e+26 7.17392e+25
1.17819e+26 2.35662e+26 6.90775e+25
1.17819e+26 2.35662e+26 6.65043e+25
1.1782e+26 2.35663e+26 6.40229e+25
1.1782e+26 2.35663e+26 6.16365e+25
1.1782e+26 2.35663e+26 5.93481e+25
1.1782e+26 2.35664e+26 5.71606e+25
1.17821e+26 2.35664e+26 5.50768e+25
1.17821e+26 2.35664e+26 5.30992e+25
1.17821e+26 2.35664e+26 5.12305e+25
1.17822e+26 2.35665e+26 4.94729e+25
1.17822e+26 2.35665e+26 4.78288e+25
1.17822e+26 2.35665e+26 4.63001e+25
1.17822e+26 2.35665e+26 4.48888e+25
1.17823e+26 2.35666e+26 4.35967e+25
1.17823e+26 2.35666e+26 4.24255e+25
1.17823e+26 2.35666e+26 4.13765e+25
1.17824e+26 2.35667e+26 4.04512e+25
1.17824e+26 2.35667e+26 3.96507e+25
1.17824e+26 2.35667e+26 3.89759e+25
1.17824e+26 2.35667e+26 3.84279e+25
1.17825e+26 2.35668e+26 3.80072e+25
1.17825e+26 2.35668e+26 3.77144e+25
1.17825e+26 2.35668e+26 3.75498e+25
1.17825e+26 2.35669e+26 3.75137e+25
1.17826e+26 2.35669e+26 3.76061e+25
1.17826e+26 2.35669e+26 3.78269e+25
1.17826e+26 2.35669e+26 3.81759e+25
1.17827e+26 2.3567e+26 3.86525e+25
1.17827e+26 2.3567e+26 3.92562e+25
1.17827e+26 2.3567e+26 3.99862e+25
1.17827e+26 2.35671e+26 4.08416e+25
1.17828e+26 2.35671e+26 4.18213e+25
1.17828e+26 2.35671e+26 4.29241e+25
1.17828e+26 2.35671e+26 4.41486e+25
1.17829e+26 2.35672e+26 4.54932e+25
1.17829e+26 2.35672e+26 4.69563e+25
1.17829e+26 2.35672e+26 4.8536e+25
1.17829e+26 2.35672e+26 5.02303e+25
1.1783e+26 2.35673e+26 5.20371e+25
1.1783e+26 2.35673e+26 5.3954e+25
1.1783e+26 2.35673e+26 5.59787e+25
1.1783e+26 2.35674e+26 5.81086e+25
1.17831e+26 2.35674e+26 6.03409e+25
1.17831e+26 2.35674e+26 6.2673e+25
1.17831e+26 2.35674e+26 6.51017e+25
1.17832e+26 2.35675e+26 6.76241e+25
1.17832e+26 2.35675e+26 7.0237e+25
1.17832e+26 2.35675e+26 7.2937e+25
1.17832e+26 2.35675e+26 7.57206e+25
1.17833e+26 2.35676e+26 7.85845e+25
1.17833e+26 2.35676e+26 8.15248e+25
1.17833e+26 2.35676e+26 8.4538e+25
1.17833e+26 2.35676e+26 8.76201e+25
1.17834e+26 2.35677e+26 9.07672e+25
1.17834e+26 2.35677e+26 9.39754e+25
1.17834e+26 2.35677e+26 9.72404e+25
1.17834e+26 2.35677e+26 1.00558e+26
1.17835e+26 2.35678e+26 1.03925e+26
1.17835e+26 2.35678e+26 1.07335e+26
1.17835e+26 2.35678e+26 1.10786e+26
1.17835e+26 2.35678e+26 1.14272e+26
1.17835e+26 2.35678e+26 1.17788e+26
1.17836e+26 2.35679e+26 1.21332e+26
1.17836e+26 2.35679e+26 1.24897e+26
1.17836e+26 2.35679e+26 1.28479e+26
1.17836e+26 2.35679e+26 1.32075e+26
1.17836e+26 2.3568e+26 1.35678e+26
1.17837e+26 2.3568e+26 1.39284e+26
1.17837e+26 2.3568e+26 1.4289e+26
1.17837e+26 2.3568e+26 1.46489e+26
1.17837e+26 2.3568e+26 1.50078e+26
1.17837e+26 2.35681e+26 1.53652e+26
1.17838e+26 2.35681e+26 1.57205e+26
1.17838e+26 2.35681e+26 1.60734e+26
1.17838e+26 2.35681e+26 1.64234e+26
1.17838e+26 2.35681e+26 1.677e+26
1.17838e+26 2.35681e+26 1.71128e+26
1.17839e+26 2.35682e+26 1.74513e+26
1.17839e+26 2.35682e+26 1.77851e+26
1.17839e+26 2.35682e+26 1.81136e+26
1.17839e+26 2.35682e+26 1.84366e+26
1.17839e+26 2.35682e+26 1.87536e+26
1.17839e+26 2.35682e+26 1.9064e+26
1.17839e+26 2.35683e+26 1.93676e+26
1.1784e+26 2.35683e+26 1.96639e+26
1.1784e+26 2.35683e+26 1.99525e+26
1.1784e+26 2.35683e+26 2.02331e+26
1.1784e+26 2.35683e+26 2.05051e+26
1.1784e+26 2.35683e+26 2.07684e+26
1.1784e+26 2.35683e+26 2.10224e+26
1.1784e+26 2.35683e+26 2.12669e+26
1.1784e+26 2.35684e+26 2.15014e+26
1.17841e+26 2.35684e+26 2.17258e+26
1.17841e+26 2.35684e+26 2.19396e+26
1.17841e+26 2.35684e+26 2.21425e+26
1.17841e+26 2.35684e+26 2.23343e+26
1.17841e+26 2.35684e+26 2.25147e+26
1.17841e+26 2.35684e+26 2.26833e+26
1.17841e+26 2.35684e+26 2.28401e+26
1.17841e+26 2.35684e+26 2.29846e+26
1.17841e+26 2.35684e+26 2.31167e+26
1.17841e+26 2.35684e+26 2.32361e+26
1.17841e+26 2.35684e+26 2.33428e+26
1.17841e+26 2.35685e+26 2.34364e+26
1.17841e+26 2.35685e+26 2.35168e+26
1.17842e+26 2.35685e+26 2.35839e+26
1.17842e+26 2.35685e+26 2.36376e+26
1.17842e+26 2.35685e+26 2.36776e+26
1.17842e+26 2.35685e+26 2.3704e+26
1.17842e+26 2.35685e+26 2.37166e+26
1.17842e+26 2.35685e+26 2.37153e+26
1.17842e+26 2.35685e+26 2.37001e+26
1.17842e+26 2.35685e+26 2.3671e+26
1.17842e+26 2.35685e+26 2.36279e+26
1.17842e+26 2.35685e+26 2.35708e+26
1.17842e+26 2.35685e+26 2.36242e+26
