1.04338e+28 7.1487e+25 1.16367e+27
5.9521e+27 8.97306e+24 7.00214e+27
5.93799e+27 4.85022e+24 1.29388e+28
5.93475e+27 3.32451e+24 1.88716e+28
5.93337e+27 2.52915e+24 2.48035e+28
5.93262e+27 2.04093e+24 3.07349e+28
5.93215e+27 1.71071e+24 3.66661e+28
5.93183e+27 1.47248e+24 4.25971e+28
5.9316e+27 1.2925e+24 4.8528e+28
5.93142e+27 1.15172e+24 5.44588e+28
5.93128e+27 1.0386e+24 6.03895e+28
5.93117e+27 9.45717e+23 6.63201e+28
5.93108e+27 8.68082e+23 7.22507e+28
5.931e+27 8.02227e+23 7.81813e+28
5.93094e+27 7.4566e+23 8.41118e+28
5.93088e+27 6.96545e+23 9.00423e+28
5.93083e+27 6.535e+23 9.59728e+28
5.93079e+27 6.15466e+23 1.01903e+29
5.93075e+27 5.81616e+23 1.07834e+29
5.93072e+27 5.51295e+23 1.13764e+29
5.93069e+27 5.23979e+23 1.19695e+29
5.93066e+27 4.99243e+23 1.25625e+29
5.93063e+27 4.76736e+23 1.31555e+29
5.93061e+27 4.56172e+23 1.37486e+29
5.93059e+27 4.37308e+23 1.43416e+29
5.93057e+27 4.19942e+23 1.49346e+29
5.93055e+27 4.03903e+23 1.55277e+29
5.93054e+27 3.89044e+23 1.61207e+29
5.93052e+27 3.7524e+23 1.67137e+29
5.93051e+27 3.62382e+23 1.73068e+29
5.9305e+27 3.50375e+23 1.78998e+29
5.93048e+27 3.39139e+23 1.84928e+29
5.93047e+27 3.28601e+23 1.90859e+29
5.93046e+27 3.18698e+23 1.96789e+29
5.93045e+27 3.09375e+23 2.02719e+29
5.93044e+27 3.00582e+23 2.0865e+29
5.93043e+27 2.92274e+23 2.1458e+29
5.93043e+27 2.84414e+23 2.2051e+29
5.93042e+27 2.76965e+23 2.2644e+29
5.93041e+27 2.69897e+23 2.32371e+29
