1 12.5664
-156.914 -1959.27
-302.458 -3776.66
-448.003 -5594.05
-593.547 -7411.44
-739.092 -9228.83
-884.636 -11046.2
-1030.18 -12863.6
-1175.73 -14681
-1321.27 -16498.4
-1466.81 -18315.8
-1612.36 -20133.2
-1757.9 -21950.6
-1903.45 -23768
-2048.99 -25585.4
-2194.54 -27402.7
-2340.08 -29220.1
-2485.63 -31037.5
-2631.17 -32854.9
-2776.72 -34672.3
-2922.26 -36489.7
-3067.8 -38307.1
-3213.35 -40124.5
-3358.89 -41941.9
-3504.44 -43759.3
-3649.98 -45576.7
-3795.53 -47394
-3941.07 -49211.4
-4086.62 -51028.8
-4232.16 -52846.2
-4377.71 -54663.6
-4523.25 -56481
-4668.79 -58298.4
-4814.34 -60115.8
-4959.88 -61933.2
-5105.43 -63750.6
-5250.97 -65568
-5396.52 -67385.3
-5542.06 -69202.7
-5687.61 -71020.1
-5833.15 -72837.5
-5978.7 -74654.9
-6124.24 -76472.3
-6269.78 -78289.7
-6415.33 -80107.1
-6560.87 -81924.5
-6706.42 -83741.9
-6851.96 -85559.3
-6997.51 -87376.6
-7143.05 -89194
