28.6463 -8.71134
28.6733 -8.61938
28.7 -8.52734
28.7264 -8.43521
28.7525 -8.343
28.7784 -8.2507
28.8039 -8.15832
28.8291 -8.06585
28.8541 -7.9733
28.8787 -7.88067
28.9031 -7.78796
28.9272 -7.69516
28.9509 -7.60229
28.9744 -7.50935
28.9975 -7.41632
29.0204 -7.32322
29.043 -7.23005
29.0653 -7.1368
29.0872 -7.04347
29.1089 -6.95008
29.1303 -6.85661
29.1514 -6.76308
29.1722 -6.66947
29.1927 -6.5758
29.2129 -6.48206
29.2327 -6.38825
29.2523 -6.29438
29.2716 -6.20044
29.2906 -6.10644
29.3093 -6.01238
29.3277 -5.91826
29.3458 -5.82407
29.3636 -5.72983
29.3811 -5.63552
29.3982 -5.54116
29.4151 -5.44674
29.4317 -5.35227
29.448 -5.25774
29.464 -5.16316
29.4796 -5.06852
29.495 -4.97384
29.5101 -4.8791
29.5249 -4.78431
29.5393 -4.68947
29.5535 -4.59459
29.5673 -4.49966
29.5809 -4.40468
29.5941 -4.30966
29.6071 -4.21459
29.6197 -4.11948
29.6321 -4.02432
29.6441 -3.92913
29.6558 -3.83389
29.6673 -3.73862
29.6784 -3.64331
29.6892 -3.54796
29.6997 -3.45257
29.7099 -3.35715
29.7198 -3.26169
29.7294 -3.1662
29.7387 -3.07068
29.7477 -2.97513
29.7563 -2.87954
29.7647 -2.78393
29.7728 -2.68828
29.7805 -2.59261
29.788 -2.49692
29.7951 -2.40119
29.802 -2.30545
29.8085 -2.20967
29.8147 -2.11388
29.8207 -2.01806
29.8263 -1.92223
29.8316 -1.82637
29.8366 -1.7305
29.8413 -1.6346
29.8457 -1.53869
29.8497 -1.44277
29.8535 -1.34683
29.857 -1.25087
29.8601 -1.1549
29.863 -1.05892
29.8655 -0.962934
29.8678 -0.866933
29.8697 -0.770924
29.8713 -0.674906
29.8726 -0.578882
29.8736 -0.482852
29.8743 -0.386816
29.8747 -0.290777
29.8748 -0.194734
29.8746 -0.0986899
29.874 -0.00264429
29.8732 0.0934014
29.872 0.189446
29.8706 0.285489
29.8688 0.381529
29.8668 0.477565
29.8644 0.573596
29.8617 0.669622
29.8587 0.76564
29.8554 0.861651
29.8518 0.957653
29.8479 1.05364
29.8436 1.14963
29.8391 1.2456
29.8343 1.34155
29.8291 1.4375
29.8237 1.53342
29.8179 1.62934
29.8118 1.72523
29.8055 1.82111
29.7988 1.91697
29.7918 2.01281
29.7845 2.10863
29.7769 2.20442
29.769 2.3002
29.7607 2.39595
29.7522 2.49167
29.7434 2.58738
29.7342 2.68305
29.7248 2.7787
29.715 2.87431
29.705 2.9699
29.6946 3.06546
29.6839 3.16098
29.673 3.25648
29.6617 3.35194
29.6501 3.44736
29.6382 3.54275
29.626 3.6381
29.6135 3.73342
29.6007 3.8287
29.5875 3.92393
29.5741 4.01913
29.5604 4.11429
29.5463 4.2094
29.532 4.30447
29.5174 4.39949
29.5024 4.49447
29.4872 4.58941
29.4716 4.68429
29.4557 4.77913
29.4396 4.87392
29.4231 4.96866
29.4063 5.06334
29.3892 5.15798
29.3718 5.25256
29.3541 5.34709
29.3362 5.44156
29.3179 5.53597
29.2993 5.63033
29.2804 5.72463
29.2612 5.81887
29.2417 5.91306
29.2218 6.00717
29.2017 6.10123
29.1813 6.19523
29.1606 6.28916
29.1396 6.38302
29.1183 6.47682
29.0967 6.57056
29.0747 6.66422
29.0525 6.75782
29.03 6.85134
29.0072 6.9448
28.9841 7.03818
28.9606 7.13149
28.9369 7.22473
28.9129 7.31789
28.8886 7.41097
28.864 7.50398
28.8391 7.59692
28.8138 7.68977
28.7883 7.78254
28.7625 7.87523
28.7364 7.96785
28.71 8.06037
28.6833 8.15282
28.6563 8.24518
28.629 8.33746
28.6014 8.42965
28.5735 8.52175
28.5453 8.61376
28.5169 8.70569
28.4881 8.79752
28.459 8.88926
28.4296 8.98091
28.4 9.07247
28.37 9.16394
28.3398 9.2553
28.3092 9.34658
28.2784 9.43775
28.2473 9.52883
28.2159 9.61981
28.1841 9.71069
28.1521 9.80147
28.1198 9.89215
28.0872 9.98272
28.0544 10.0732
28.0212 10.1636
27.9877 10.2538
27.954 10.344
27.9199 10.434
27.8856 10.524
27.851 10.6138
27.8161 10.7035
27.7809 10.7931
27.7454 10.8826
27.7096 10.972
27.6736 11.0613
27.6372 11.1504
27.6006 11.2395
27.5636 11.3284
27.5264 11.4172
27.4889 11.5059
27.4512 11.5945
27.4131 11.6829
27.3748 11.7712
27.3361 11.8595
27.2972 11.9475
27.258 12.0355
27.2185 12.1233
27.1788 12.211
27.1387 12.2986
27.0984 12.3861
27.0578 12.4734
27.0169 12.5606
26.9757 12.6477
26.9343 12.7346
26.8925 12.8214
26.8505 12.9081
26.8082 12.9946
26.7657 13.081
26.7228 13.1673
26.6797 13.2534
26.6363 13.3394
26.5926 13.4252
26.5487 13.5109
26.5044 13.5965
26.4599 13.682
