0.482026 0.881766
-0.0350885 1.02724
-0.543039 0.904274
-0.919014 0.561525
-1.0868 0.0915611
-1.02051 -0.398134
-0.739974 -0.804255
-0.304571 -1.04206
0.195434 -1.05881
0.653032 -0.845861
0.965548 -0.44501
1.05946 0.0565853
0.910905 0.545224
0.553435 0.908809
0.0695859 1.06486
-0.430031 0.97962
-0.832999 0.674205
-1.04994 0.218213
-1.03323 -0.286348
-0.786749 -0.727244
-0.365073 -1.00621
0.138101 -1.06057
0.610364 -0.87756
0.945735 -0.497753
1.06876 -0.00620038
0.951773 0.486735
0.621121 0.870396
0.151134 1.0588
-0.352731 1.00984
-0.777567 0.734638
-1.02824 0.294878
-1.0486 -0.210937
-0.834061 -0.669506
-0.43263 -0.978074
0.0657623 -1.06746
0.549425 -0.917633
0.909971 -0.562177
1.06664 -0.0807769
0.984377 0.418705
0.681644 0.824397
0.226247 1.04544
-0.279823 1.03229
-0.723192 0.787847
-1.00448 0.366831
-1.06058 -0.136421
-0.878889 -0.609091
-0.500117 -0.945195
-0.00920112 -1.06938
0.48379 -0.953833
0.868365 -0.624509
1.05838 -0.155259
1.01133 0.348763
0.737806 0.774671
0.299078 1.02711
-0.206612 1.04954
-0.666019 0.836899
-0.97621 0.436772
-1.06763 -0.0612358
-0.919728 -0.545517
-0.56562 -0.907497
-0.0846873 -1.06601
0.415242 -0.985513
0.822096 -0.684088
1.0447 -0.229332
1.03323 0.276819
0.790292 0.720959
0.370366 1.00362
-0.132486 1.06153
-0.605657 0.881718
-0.943173 0.504436
-1.06939 0.0141543
-0.955963 -0.479297
-0.628251 -0.865313
-0.15968 -1.05732
0.3447 -1.01226
0.771798 -0.74022
1.02587 -0.302222
1.05 0.20353
0.838825 0.663683
0.439717 0.975149
-0.0578799 1.06819
-0.542504 0.922017
-0.905633 0.569376
-1.06595 0.0892367
-0.987509 -0.410881
-0.687839 -0.818944
-0.23403 -1.04348
0.272238 -1.03413
0.717477 -0.792933
1.00186 -0.373959
1.06163 0.128863
0.883421 0.602806
0.507202 0.94165
0.0173221 1.06949
-0.476441 0.957722
-0.863478 0.63143
-1.05711 0.163722
-1.01397 -0.340646
-0.743717 -0.768705
-0.306847 -1.02455
0.19878 -1.0508
0.659854 -0.841542
0.973013 -0.443636
1.06804 0.05373
0.92363 0.539057
0.57217 0.903553
0.0924592 1.06554
-0.40798 0.988741
-0.817017 0.690418
-1.04303 0.237437
-1.03544 -0.268715
-0.795945 -0.714676
-0.378194 -1.00057
0.124263 -1.06233
0.598876 -0.886096
0.939285 -0.511294
1.06917 -0.0218922
0.959373 0.472419
0.634503 0.860825
0.167386 1.05625
-0.337262 1.01491
-0.766328 0.746084
-1.02367 0.310061
-1.05164 -0.195438
-0.844027 -0.657149
-0.447358 -0.971655
0.0495054 -1.06852
0.535272 -0.926036
0.901121 -0.5761
1.06506 -0.0970813
0.990303 0.403695
0.693579 0.813986
0.241376 1.04181
-0.264942 1.0361
-0.711878 0.798137
-0.999268 0.381282
-1.06273 -0.121024
-0.88809 -0.596217
-0.514507 -0.937849
-0.0256904 -1.06941
0.46887 -0.961465
0.858407 -0.638174
1.05565 -0.171934
1.01638 0.332824
0.749341 0.762994
0.314343 1.02214
-0.191126 1.05215
-0.653751 0.846284
-0.969816 0.450681
-1.06848 -0.0459607
-0.927655 -0.532312
-0.578942 -0.899381
-0.100517 -1.06494
0.400419 -0.99195
0.811661 -0.696786
1.04111 -0.245571
1.03737 0.260641
0.801238 0.708461
0.385578 0.997537
-0.116495 1.06305
-0.592457 0.890282
-0.935609 0.517935
-1.06903 0.0294751
-0.962808 -0.4656
-0.64079 -0.856329
-0.175168 -1.05517
0.329704 -1.01759
0.760716 -0.752076
1.02134 -0.31812
1.05322 0.187072
0.849213 0.650356
0.454981 0.96795
-0.0411896 1.06867
-0.528128 0.929882
-0.896678 0.582653
-1.0642 0.104792
-0.993117 -0.396571
-0.699375 -0.80903
-0.248843 -1.04013
0.257474 -1.03811
0.706104 -0.80347
0.996548 -0.38883
1.06378 0.112894
0.892783 0.589325
0.521852 0.93377
0.0340494 1.06908
-0.461375 0.964897
-0.853418 0.644519
-1.05419 0.179694
-1.01866 -0.325413
-0.754757 -0.75757
-0.321641 -1.01989
0.183588 -1.05358
0.647678 -0.851112
0.966628 -0.457897
1.069 0.0379164
0.931913 0.525231
0.586106 0.894899
0.109046 1.06414
-0.392426 0.995058
-0.805987 0.703082
-1.03896 0.25358
-1.03909 -0.252751
-0.806296 -0.702424
-0.392732 -0.99462
0.108891 -1.06382
0.586108 -0.894505
0.931947 -0.524665
1.06891 -0.0372208
0.966355 0.458574
0.647306 0.851638
0.183278 1.05395
-0.321784 1.02023
-0.754776 0.758041
-1.01873 0.326097
-1.05449 -0.178883
-0.85399 -0.64378
-0.462108 -0.964399
0.0333596 -1.06884
0.521351 -0.933657
0.892461 -0.589145
1.06349 -0.112542
0.996125 0.389298
0.705495 0.803896
0.256773 1.03836
-0.249473 1.04021
-0.699829 0.809054
-0.99344 0.396706
-1.06455 -0.104482
-0.897215 -0.582259
-0.528877 -0.929587
-0.0420296 -1.06861
0.454238 -0.968118
0.84868 -0.650605
1.05286 -0.187227
1.021 0.318133
0.76025 0.752186
0.329092 1.01765
-0.175823 1.05507
-0.64135 0.856112
-0.963215 0.465393
