17.7948 8.9314
17.7399 9.03259
17.6844 9.13346
17.6284 9.23402
17.5717 9.33425
17.5144 9.43416
17.4564 9.53374
17.3979 9.63299
17.3388 9.7319
17.279 9.83047
17.2187 9.9287
17.1578 10.0266
17.0962 10.1241
17.0341 10.2213
16.9713 10.3181
16.908 10.4146
16.8441 10.5107
16.7796 10.6064
16.7145 10.7017
16.6488 10.7967
16.5825 10.8913
16.5157 10.9855
16.4482 11.0794
16.3802 11.1728
16.3116 11.2658
16.2425 11.3585
16.1727 11.4507
16.1024 11.5426
16.0315 11.634
15.9601 11.725
15.8881 11.8157
15.8155 11.9059
15.7424 11.9956
15.6687 12.085
15.5945 12.1739
15.5197 12.2624
15.4444 12.3504
15.3685 12.4381
15.292 12.5252
15.2151 12.612
15.1376 12.6982
15.0595 12.7841
14.9809 12.8694
14.9018 12.9544
14.8221 13.0388
14.742 13.1228
14.6613 13.2063
14.58 13.2894
14.4983 13.3719
14.416 13.454
14.3332 13.5356
14.2499 13.6168
14.1661 13.6974
14.0818 13.7776
13.997 13.8572
13.9116 13.9364
13.8258 14.015
13.7395 14.0932
13.6527 14.1708
13.5654 14.2479
13.4776 14.3246
13.3893 14.4007
13.3005 14.4762
13.2113 14.5513
13.1215 14.6258
13.0313 14.6998
12.9407 14.7733
12.8495 14.8462
12.7579 14.9186
12.6659 14.9905
12.5733 15.0618
12.4803 15.1325
12.3869 15.2027
12.293 15.2724
12.1987 15.3415
12.1039 15.41
12.0087 15.478
11.913 15.5454
11.8169 15.6123
11.7204 15.6785
11.6234 15.7442
11.526 15.8093
11.4282 15.8739
11.33 15.9378
11.2313 16.0012
11.1323 16.064
11.0328 16.1262
10.933 16.1878
10.8327 16.2488
10.732 16.3092
10.6309 16.369
10.5295 16.4282
10.4276 16.4868
10.3254 16.5448
10.2228 16.6022
10.1198 16.6589
10.0164 16.715
9.91264 16.7706
9.80853 16.8255
9.70405 16.8797
9.59921 16.9334
9.49402 16.9864
9.38847 17.0388
9.28257 17.0905
9.17632 17.1416
9.06974 17.1921
8.96281 17.2419
8.85554 17.2911
8.74795 17.3396
8.64003 17.3875
8.53178 17.4347
8.42322 17.4813
8.31433 17.5272
8.20514 17.5725
8.09564 17.6171
7.98583 17.661
7.87572 17.7043
7.76531 17.7469
7.65461 17.7888
7.54362 17.8301
7.43235 17.8707
7.3208 17.9106
7.20896 17.9498
7.09686 17.9884
6.98448 18.0263
6.87184 18.0634
6.75894 18.0999
6.64578 18.1358
6.53237 18.1709
6.41871 18.2053
6.30481 18.239
6.19066 18.2721
6.07628 18.3044
5.96167 18.336
5.84682 18.367
5.73176 18.3972
5.61647 18.4267
5.50097 18.4556
5.38526 18.4837
5.26934 18.5111
5.15322 18.5378
5.0369 18.5637
4.92038 18.589
4.80368 18.6135
4.68679 18.6373
4.56972 18.6604
4.45247 18.6828
4.33505 18.7045
4.21746 18.7254
4.09971 18.7456
3.9818 18.7651
3.86373 18.7838
3.74552 18.8018
3.62716 18.8191
3.50866 18.8357
3.39002 18.8515
3.27125 18.8665
3.15235 18.8809
3.03332 18.8945
2.91418 18.9073
2.79493 18.9195
2.67556 18.9308
2.55609 18.9415
2.43652 18.9514
2.31686 18.9605
2.1971 18.9689
2.07726 18.9765
1.95733 18.9834
1.83733 18.9896
1.71726 18.995
1.59712 18.9996
1.47691 19.0035
1.35665 19.0067
1.23633 19.0091
1.11596 19.0107
0.995549 19.0116
0.875099 19.0117
0.754613 19.0111
0.634098 19.0097
0.513557 19.0075
0.392996 19.0046
0.272419 19.0009
0.151831 18.9965
0.0312373 18.9913
-0.0893578 18.9854
-0.209949 18.9786
-0.330532 18.9712
-0.451102 18.9629
-0.571653 18.9539
-0.692182 18.9442
-0.812683 18.9336
-0.93315 18.9223
-1.05358 18.9103
-1.17397 18.8975
-1.29431 18.8839
-1.4146 18.8695
-1.53483 18.8544
-1.65499 18.8385
-1.7751 18.8219
-1.89512 18.8045
-2.01508 18.7863
-2.13495 18.7674
-2.25473 18.7477
-2.37442 18.7272
-2.49401 18.706
-2.61351 18.684
-2.73289 18.6613
-2.85217 18.6377
-2.97132 18.6135
-3.09036 18.5884
-3.20927 18.5626
-3.32804 18.536
-3.44668 18.5087
-3.56518 18.4806
-3.68353 18.4518
-3.80173 18.4221
-3.91977 18.3918
-4.03765 18.3606
-4.15536 18.3287
-4.2729 18.2961
-4.39027 18.2627
-4.50745 18.2285
-4.62445 18.1936
-4.74125 18.1579
-4.85786 18.1215
-4.97426 18.0843
-5.09046 18.0464
-5.20644 18.0077
-5.32221 17.9682
-5.43776 17.928
-5.55308 17.8871
-5.66816 17.8454
-5.78301 17.803
-5.89762 17.7598
-6.01198 17.7159
-6.12609 17.6712
-6.23994 17.6258
-6.35353 17.5797
-6.46685 17.5328
-6.5799 17.4852
-6.69268 17.4368
