-178476 -0.460083
-290707 -0.959716
-402937 -1.45935
-515167 -1.95898
-627397 -2.45861
-739628 -2.95825
-851858 -3.45788
-964088 -3.95751
-1.07632e+06 -4.45715
-1.18855e+06 -4.95678
-1.30078e+06 -5.45641
-1.41301e+06 -5.95605
-1.52524e+06 -6.45568
-1.63747e+06 -6.95531
-1.7497e+06 -7.45494
-1.86193e+06 -7.95458
-1.97416e+06 -8.45421
-2.08639e+06 -8.95384
-2.19862e+06 -9.45348
-2.31085e+06 -9.95311
-2.42308e+06 -10.4527
-2.53531e+06 -10.9524
-2.64754e+06 -11.452
-2.75977e+06 -11.9516
-2.872e+06 -12.4513
-2.98423e+06 -12.9509
-3.09646e+06 -13.4505
-3.20869e+06 -13.9502
-3.32092e+06 -14.4498
-3.43315e+06 -14.9494
-3.54538e+06 -15.4491
-3.65761e+06 -15.9487
-3.76984e+06 -16.4483
-3.88207e+06 -16.948
-3.9943e+06 -17.4476
-4.10653e+06 -17.9472
-4.21877e+06 -18.4469
-4.331e+06 -18.9465
-4.44323e+06 -19.4461
-4.55546e+06 -19.9458
-4.66769e+06 -20.4454
-4.77992e+06 -20.945
-4.89215e+06 -21.4447
-5.00438e+06 -21.9443
-5.11661e+06 -22.4439
-5.22884e+06 -22.9436
-5.34107e+06 -23.4432
-5.4533e+06 -23.9428
-5.56553e+06 -24.4425
-5.67776e+06 -24.9421
-5.78999e+06 -25.4417
-5.90222e+06 -25.9414
-6.01445e+06 -26.441
-6.12668e+06 -26.9406
-6.23891e+06 -27.4403
-6.35114e+06 -27.9399
-6.46337e+06 -28.4395
-6.5756e+06 -28.9392
-6.68783e+06 -29.4388
-6.80006e+06 -29.9384
-6.91229e+06 -30.4381
-7.02452e+06 -30.9377
-7.13675e+06 -31.4373
-7.24898e+06 -31.937
-7.36121e+06 -32.4366
-7.47344e+06 -32.9362
-7.58567e+06 -33.4359
-7.6979e+06 -33.9355
-7.81013e+06 -34.4351
-7.92236e+06 -34.9348
-8.03459e+06 -35.4344
-8.14682e+06 -35.934
-8.25905e+06 -36.4337
-8.37128e+06 -36.9333
-8.48351e+06 -37.4329
-8.59574e+06 -37.9326
-8.70797e+06 -38.4322
-8.8202e+06 -38.9318
-8.93244e+06 -39.4315
-9.04467e+06 -39.9311
-9.1569e+06 -40.4307
-9.26913e+06 -40.9304
-9.38136e+06 -41.43
-9.49359e+06 -41.9296
-9.60582e+06 -42.4293
-9.71805e+06 -42.9289
-9.83028e+06 -43.4285
-9.94251e+06 -43.9282
-1.00547e+07 -44.4278
-1.0167e+07 -44.9274
-1.02792e+07 -45.4271
-1.03914e+07 -45.9267
-1.05037e+07 -46.4263
-1.06159e+07 -46.926
-1.07281e+07 -47.4256
-1.08403e+07 -47.9252
-1.09526e+07 -48.4248
-1.10648e+07 -48.9245
-1.1177e+07 -49.4241
-1.12893e+07 -49.9237
-1.14015e+07 -50.4234
-1.15137e+07 -50.923
-1.1626e+07 -51.4226
-1.17382e+07 -51.9223
-1.18504e+07 -52.4219
-1.19627e+07 -52.9215
-1.20749e+07 -53.4212
-1.21871e+07 -53.9208
-1.22993e+07 -54.4204
-1.24116e+07 -54.9201
-1.25238e+07 -55.4197
-1.2636e+07 -55.9193
-1.27483e+07 -56.419
-1.28605e+07 -56.9186
-1.29727e+07 -57.4182
-1.3085e+07 -57.9179
-1.31972e+07 -58.4175
-1.33094e+07 -58.9171
-1.34216e+07 -59.4168
-1.35339e+07 -59.9164
-1.36461e+07 -60.416
-1.37583e+07 -60.9157
-1.38706e+07 -61.4153
-1.39828e+07 -61.9149
-1.4095e+07 -62.4146
-1.42073e+07 -62.9142
-1.43195e+07 -63.4138
-1.44317e+07 -63.9135
-1.45439e+07 -64.4131
-1.46562e+07 -64.9127
-1.47684e+07 -65.4124
-1.48806e+07 -65.912
-1.49929e+07 -66.4116
-1.51051e+07 -66.9113
-1.52173e+07 -67.4109
-1.53296e+07 -67.9105
-1.54418e+07 -68.4102
-1.5554e+07 -68.9098
-1.56662e+07 -69.4094
-1.57785e+07 -69.9091
-1.58907e+07 -70.4087
-1.60029e+07 -70.9083
-1.61152e+07 -71.408
-1.62274e+07 -71.9076
-1.63396e+07 -72.4072
-1.64519e+07 -72.9069
-1.65641e+07 -73.4065
-1.66763e+07 -73.9061
-1.67886e+07 -74.4058
-1.69008e+07 -74.9054
-1.7013e+07 -75.405
-1.71252e+07 -75.9047
-1.72375e+07 -76.4043
-1.73497e+07 -76.9039
-1.74619e+07 -77.4036
-1.75742e+07 -77.9032
-1.76864e+07 -78.4028
-1.77986e+07 -78.9025
-1.79109e+07 -79.4021
-1.80231e+07 -79.9017
-1.81353e+07 -80.4014
-1.82475e+07 -80.901
-1.83598e+07 -81.4006
-1.8472e+07 -81.9003
-1.85842e+07 -82.3999
-1.86965e+07 -82.8995
-1.88087e+07 -83.3992
-1.89209e+07 -83.8988
-1.90332e+07 -84.3984
-1.91454e+07 -84.8981
-1.92576e+07 -85.3977
-1.93698e+07 -85.8973
-1.94821e+07 -86.397
-1.95943e+07 -86.8966
-1.97065e+07 -87.3962
-1.98188e+07 -87.8959
-1.9931e+07 -88.3955
-2.00432e+07 -88.8951
-2.01555e+07 -89.3948
-2.02677e+07 -89.8944
-2.03799e+07 -90.394
-2.04922e+07 -90.8937
-2.06044e+07 -91.3933
-2.07166e+07 -91.8929
-2.08288e+07 -92.3926
-2.09411e+07 -92.8922
-2.10533e+07 -93.3918
-2.11655e+07 -93.8915
-2.12778e+07 -94.3911
-2.139e+07 -94.8907
-2.15022e+07 -95.3904
-2.16145e+07 -95.89
-2.17267e+07 -96.3896
-2.18389e+07 -96.8892
-2.19511e+07 -97.3889
-2.20634e+07 -97.8885
-2.21756e+07 -98.3881
-2.22878e+07 -98.8878
-2.24001e+07 -99.3874
-2.25123e+07 -99.887
-2.26245e+07 -100.387
-2.27368e+07 -100.886
-2.2849e+07 -101.386
-2.29612e+07 -101.886
-2.30734e+07 -102.385
-2.31857e+07 -102.885
-2.32979e+07 -103.384
-2.34101e+07 -103.884
-2.35224e+07 -104.384
-2.36346e+07 -104.883
-2.37468e+07 -105.383
-2.38591e+07 -105.883
-2.39713e+07 -106.382
-2.40835e+07 -106.882
-2.41957e+07 -107.382
-2.4308e+07 -107.881
-2.44202e+07 -108.381
-2.45324e+07 -108.88
-2.46447e+07 -109.38
-2.47569e+07 -109.88
-2.48691e+07 -110.379
-2.49814e+07 -110.879
-2.50936e+07 -111.379
-2.52058e+07 -111.878
-2.53181e+07 -112.378
-2.54303e+07 -112.878
-2.55425e+07 -113.377
-2.56547e+07 -113.877
-2.5767e+07 -114.376
-2.58792e+07 -114.876
-2.59914e+07 -115.376
-2.61037e+07 -115.875
-2.62159e+07 -116.375
-2.63281e+07 -116.875
-2.64404e+07 -117.374
-2.65526e+07 -117.874
-2.66648e+07 -118.373
-2.6777e+07 -118.873
-2.68893e+07 -119.373
-2.70015e+07 -119.872
-2.71137e+07 -120.372
