-4.43396 -3.13616
-4.30033 -3.30997
-4.15934 -3.4781
-4.0112 -3.64026
-3.85614 -3.79615
-3.69443 -3.94548
-3.52631 -4.08797
-3.35206 -4.22336
-3.17196 -4.35137
-2.9863 -4.47176
-2.79538 -4.58429
-2.59952 -4.68871
-2.39904 -4.78481
-2.19429 -4.87238
-1.9856 -4.95122
-1.77333 -5.02114
-1.55785 -5.08198
-1.33954 -5.13356
-1.11877 -5.17574
-0.895935 -5.2084
-0.671442 -5.23141
-0.445697 -5.24468
-0.219115 -5.24812
0.00788135 -5.24167
0.234865 -5.22527
0.461401 -5.19889
0.687053 -5.16253
0.911377 -5.11618
1.13393 -5.05987
1.35426 -4.99364
1.57192 -4.91757
1.78646 -4.83173
1.99743 -4.73624
2.20439 -4.63122
2.40688 -4.51683
2.60447 -4.39323
2.79672 -4.26062
2.98319 -4.11922
3.16347 -3.96926
3.33714 -3.81101
3.50379 -3.64475
3.66303 -3.47078
3.81448 -3.28943
3.95777 -3.10105
4.09255 -2.90599
4.21848 -2.70466
4.33524 -2.49745
4.44254 -2.28479
4.54009 -2.06711
4.62763 -1.84489
4.70494 -1.61858
4.77179 -1.38868
4.82801 -1.15569
4.87343 -0.92011
4.90791 -0.68247
4.93134 -0.443295
4.94365 -0.203121
4.94479 0.0375096
4.93472 0.278054
4.91346 0.517966
4.88104 0.7567
4.83751 0.993712
4.78298 1.22846
4.71756 1.46041
4.6414 1.68904
4.55468 1.91382
4.4576 2.13425
4.3504 2.34982
4.23332 2.56006
4.10664 2.7645
3.97068 2.96269
3.82576 3.15419
3.67222 3.33858
3.51044 3.51548
3.34079 3.6845
3.16369 3.8453
2.97956 3.99754
2.78882 4.14092
2.59192 4.27517
2.38932 4.40001
2.1815 4.51522
1.96892 4.62059
1.75208 4.71593
1.53145 4.8011
1.30753 4.87595
1.08082 4.94039
0.851813 4.99433
0.621006 5.03771
0.388894 5.0705
0.15597 5.09269
-0.0772778 5.10429
-0.310365 5.10534
-0.542815 5.0959
-0.774154 5.07605
-1.00392 5.04589
-1.23166 5.00554
-1.45693 4.95515
-1.67929 4.89486
-1.89831 4.82486
-2.11359 4.74535
-2.32473 4.65653
-2.53133 4.55862
-2.73302 4.45188
-2.92944 4.33655
-3.12024 4.2129
-3.30509 4.08122
-3.48366 3.94179
-3.65566 3.79492
-3.82079 3.64092
-3.97878 3.48011
-4.12936 3.31283
-4.2723 3.13941
-4.40736 2.96021
-4.53432 2.77557
-4.653 2.58585
-4.7632 2.39143
-4.86476 2.19267
-4.95753 1.98994
-5.04137 1.78363
-5.11615 1.57412
-5.18178 1.36179
-5.23815 1.14703
-5.2852 0.930229
-5.32286 0.711775
-5.35109 0.49206
-5.36986 0.271474
-5.37914 0.0504094
-5.37895 -0.170744
-5.36928 -0.391597
-5.35018 -0.611761
-5.32168 -0.83085
-5.28384 -1.04848
-5.23673 -1.26427
-5.18044 -1.47785
-5.11506 -1.68883
-5.04071 -1.89685
-4.95751 -2.10154
-4.86562 -2.30254
-4.76517 -2.4995
-4.65634 -2.69206
-4.53932 -2.87988
-4.41429 -3.06263
-4.28146 -3.23996
-4.14106 -3.41156
-3.99331 -3.57711
-3.83847 -3.7363
-3.67679 -3.88883
-3.50854 -4.03442
-3.334 -4.17279
-3.15348 -4.30366
-2.96727 -4.42677
-2.7757 -4.54187
-2.57909 -4.64873
-2.37779 -4.74713
-2.17213 -4.83685
-1.96249 -4.91769
-1.74923 -4.98946
-1.53274 -5.052
-1.31339 -5.10515
-1.09159 -5.14876
-0.867747 -5.18272
-0.642264 -5.2069
-0.415566 -5.22122
-0.188076 -5.22561
0.0397732 -5.22
0.267546 -5.20435
0.494802 -5.17865
0.721097 -5.14289
0.945985 -5.09709
1.16902 -5.04128
1.38974 -4.97553
1.60771 -4.8999
1.82247 -4.81451
2.03358 -4.71947
2.24059 -4.61492
2.44307 -4.50102
2.64057 -4.37796
2.83266 -4.24593
3.01894 -4.10518
3.19897 -3.95594
3.37235 -3.79848
3.5387 -3.6331
3.69763 -3.4601
3.84877 -3.27981
3.99177 -3.09258
4.12629 -2.89877
4.252 -2.69879
4.3686 -2.49302
4.47581 -2.28189
4.57336 -2.06583
4.661 -1.8453
4.73852 -1.62076
4.80571 -1.39269
4.86239 -1.16157
4.90842 -0.927911
4.94367 -0.692209
4.96803 -0.454983
4.98143 -0.216752
4.98382 0.0219578
4.97518 0.260619
4.95552 0.498704
4.92486 0.735683
4.88327 0.971029
4.83084 1.20422
4.76768 1.43473
4.69392 1.66206
4.60974 1.8857
4.51532 2.10515
4.41089 2.31994
4.29669 2.52958
4.17297 2.73362
4.04003 2.93163
3.89818 3.12316
3.74774 3.30782
3.58906 3.48521
3.42252 3.65496
3.24849 3.81672
3.06738 3.97016
2.8796 4.11496
2.68557 4.25084
2.48574 4.37755
2.28056 4.49482
2.07049 4.60246
1.85599 4.70026
1.63754 4.78806
1.41562 4.8657
1.19071 4.93308
0.963292 4.99008
0.733858 5.03663
0.502894 5.0727
0.270885 5.09823
0.0383151 5.11324
-0.194334 5.11775
-0.426588 5.11178
-0.657974 5.0954
-0.888028 5.0687
-1.11629 5.03178
-1.34232 4.98475
-1.56566 4.92777
-1.7859 4.86099
-2.0026 4.78459
