-0.16076 -10.0546
-0.000368204 -10.0565
0.160021 -10.0557
0.320365 -10.0521
0.48062 -10.0459
0.640743 -10.0369
0.800691 -10.0252
0.960419 -10.0108
1.11989 -9.99375
1.27905 -9.97397
1.43786 -9.95149
1.59628 -9.92633
1.75427 -9.89848
1.91178 -9.86796
2.06877 -9.83477
2.2252 -9.79892
2.38102 -9.76041
2.5362 -9.71927
2.69068 -9.67549
2.84443 -9.62908
2.99741 -9.58006
3.14957 -9.52844
3.30087 -9.47423
3.45126 -9.41744
3.60072 -9.35808
3.74919 -9.29618
3.89663 -9.23173
4.04301 -9.16477
4.18828 -9.09529
4.3324 -9.02333
4.47533 -8.94889
4.61703 -8.872
4.75746 -8.79267
4.89657 -8.71092
5.03434 -8.62676
5.17072 -8.54023
5.30567 -8.45133
5.43915 -8.3601
5.57113 -8.26654
5.70155 -8.17069
5.8304 -8.07257
5.95762 -7.9722
6.08318 -7.86961
6.20705 -7.76481
6.32918 -7.65785
6.44954 -7.54873
6.56809 -7.4375
6.68479 -7.32417
6.79962 -7.20877
6.91253 -7.09134
7.02348 -6.9719
7.13245 -6.85049
7.2394 -6.72713
7.34428 -6.60185
7.44708 -6.47469
7.54775 -6.34568
7.64627 -6.21485
7.74259 -6.08224
7.83669 -5.94788
7.92854 -5.8118
8.01809 -5.67404
8.10533 -5.53464
8.19022 -5.39363
8.27273 -5.25105
8.35283 -5.10694
8.43049 -4.96133
8.50568 -4.81427
8.57837 -4.66579
8.64854 -4.51594
8.71616 -4.36476
8.7812 -4.21228
8.84364 -4.05855
8.90345 -3.90361
8.9606 -3.7475
9.01507 -3.59028
9.06684 -3.43197
9.11588 -3.27263
9.16218 -3.1123
9.2057 -2.95103
9.24643 -2.78887
9.28435 -2.62585
9.31944 -2.46204
9.35168 -2.29746
9.38105 -2.13219
9.40754 -1.96625
9.43112 -1.79971
9.45178 -1.63261
9.46951 -1.465
9.48429 -1.29693
9.49611 -1.12846
9.50496 -0.959636
9.51082 -0.790507
9.51368 -0.621129
9.51354 -0.451553
9.51038 -0.281833
9.5042 -0.112023
9.49498 0.0578234
9.48273 0.227652
9.46743 0.397409
9.44909 0.567038
9.42769 0.736485
9.40325 0.905695
9.37574 1.07461
9.34518 1.24318
9.31157 1.41134
9.27491 1.57904
9.23519 1.74621
9.19243 1.91282
9.14663 2.07879
9.09779 2.24407
9.04592 2.40861
8.99103 2.57234
8.93313 2.73521
8.87224 2.89717
8.80835 3.05815
8.74148 3.21809
8.67166 3.37695
8.59889 3.53465
8.52318 3.69116
8.44457 3.8464
8.36305 4.00032
8.27867 4.15287
8.19143 4.30399
8.10136 4.45362
8.00847 4.60171
7.91281 4.7482
7.81439 4.89303
7.71323 5.03616
7.60938 5.17752
7.50285 5.31706
7.39368 5.45472
7.28189 5.59047
7.16753 5.72423
7.05062 5.85596
6.93121 5.98561
6.80932 6.11312
6.685 6.23845
6.55828 6.36154
6.42921 6.48235
6.29782 6.60083
6.16417 6.71692
6.02828 6.83059
5.89021 6.94178
5.74999 7.05045
5.60769 7.15655
5.46334 7.26005
5.317 7.3609
5.16871 7.45905
5.01853 7.55446
4.8665 7.6471
4.71268 7.73693
4.55713 7.82391
4.39989 7.908
4.24103 7.98916
4.08059 8.06736
3.91864 8.14258
3.75524 8.21477
3.59044 8.2839
3.4243 8.34995
3.25689 8.41288
3.08826 8.47268
2.91847 8.52931
2.7476 8.58274
2.57569 8.63296
2.40282 8.67995
2.22905 8.72368
2.05444 8.76413
1.87906 8.80128
1.70297 8.83513
1.52624 8.86565
1.34894 8.89284
1.17113 8.91667
0.992874 8.93714
0.814247 8.95424
0.635313 8.96796
0.45614 8.9783
0.276796 8.98525
0.0973465 8.9888
-0.082139 8.98897
-0.261593 8.98574
-0.440948 8.97911
-0.620136 8.9691
-0.79909 8.9557
-0.977741 8.93892
-1.15602 8.91877
-1.33387 8.89526
-1.51121 8.86839
-1.68798 8.83819
-1.86412 8.80465
-2.03956 8.7678
-2.21422 8.72765
-2.38806 8.68422
-2.56099 8.63753
-2.73297 8.5876
-2.90392 8.53445
-3.07378 8.47811
-3.24249 8.41859
-3.40998 8.35592
-3.57621 8.29014
-3.7411 8.22126
-3.90459 8.14933
-4.06663 8.07436
-4.22716 7.99639
-4.38613 7.91546
-4.54346 7.83159
-4.69912 7.74483
-4.85303 7.65521
-5.00516 7.56277
-5.15545 7.46754
-5.30384 7.36957
-5.45028 7.2689
-5.59473 7.16557
-5.73713 7.05962
-5.87744 6.9511
-6.0156 6.84004
-6.15159 6.72651
-6.28533 6.61053
-6.41681 6.49216
-6.54596 6.37145
-6.67276 6.24845
-6.79715 6.12319
-6.91911 5.99575
-7.03858 5.86616
-7.15555 5.73447
-7.26996 5.60075
-7.38179 5.46503
-7.491 5.32738
-7.59755 5.18784
-7.70143 5.04648
-7.80259 4.90334
-7.90102 4.75849
-7.99667 4.61196
-8.08953 4.46383
-8.17957 4.31415
-8.26677 4.16297
-8.3511 4.01034
-8.43254 3.85634
-8.51107 3.701
-8.58667 3.5444
-8.65933 3.38658
-8.72903 3.22761
