-1.65035 0.115372
-1.61473 -0.27635
-1.47989 -0.651103
-1.25092 -0.984449
-0.938873 -1.25242
-0.561378 -1.43308
-0.142722 -1.50864
0.286909 -1.46806
0.693476 -1.30954
1.04242 -1.04221
1.30282 -0.686381
1.45153 -0.271714
1.47613 0.166178
1.37617 0.590042
1.16246 0.965131
0.855074 1.26245
0.48064 1.46076
0.0695022 1.54753
-0.34682 1.51889
-0.737781 1.37918
-1.07557 1.14007
-1.33654 0.81952
-1.50238 0.440636
-1.56111 0.0303309
-1.50787 -0.382158
-1.34542 -0.766978
-1.08431 -1.09557
-0.74259 -1.34274
-0.344895 -1.48872
0.0791427 -1.52104
0.497077 -1.43594
0.876314 -1.23906
1.18695 -0.945189
1.40447 -0.577182
1.51189 -0.163943
1.50119 0.262089
1.37384 0.667743
1.14043 1.02184
0.819631 1.29761
0.436462 1.47463
0.020299 1.54016
-0.397387 1.48986
-0.785303 1.32795
-1.11454 1.06682
-1.36056 0.726032
-1.50493 0.331006
-1.53667 -0.0887976
-1.45307 -0.501939
-1.26002 -0.877278
-0.9717 -1.18629
-0.609628 -1.40528
-0.201123 -1.51726
0.222754 -1.51336
0.629596 -1.39364
0.988209 -1.16713
1.27109 -0.85115
1.4566 -0.469956
1.53066 -0.0527961
1.48783 0.368397
1.33161 0.76151
1.07415 1.09671
0.735222 1.34871
0.340642 1.49859
-0.0796708 1.5352
-0.493957 1.45591
-0.870961 1.26676
-1.18224 0.982028
-1.40426 0.623166
-1.52016 0.217217
-1.52104 -0.205162
-1.40667 -0.611993
-1.18554 -0.972377
-0.874305 -1.25886
-0.496531 -1.44953
-0.0809243 -1.52978
0.340857 -1.4934
0.736646 -1.34311
1.07625 -1.09037
1.3338 -0.754479
1.48969 -0.36108
1.53215 0.0598282
1.45802 0.476196
1.27307 0.856382
0.991451 1.17155
0.63461 1.39785
0.229666 1.51821
-0.19267 1.52358
-0.600414 1.41361
-0.962708 1.19668
-1.25214 0.889195
-1.44681 0.514429
-1.53194 0.10073
-1.50104 -0.320588
-1.35637 -0.717601
-1.10883 -1.06018
-0.777121 -1.32228
-0.386381 -1.48393
0.0337274 -1.53278
0.45127 -1.46504
0.834474 -1.28582
1.15416 -1.00874
1.386 -0.654863
1.51233 -0.251138
1.52357 0.171704
1.41889 0.581488
1.20629 0.947055
0.901992 1.24063
0.529144 1.43994
0.116097 1.5299
-0.305775 1.5037
-0.704453 1.3634
-1.0497 1.11966
-1.31535 0.79102
-1.48128 0.402405
-1.53491 -0.0167063
-1.47222 -0.434541
-1.29793 -0.819429
-1.02527 -1.14219
-0.674887 -1.37836
-0.273331 -1.50999
0.148953 -1.52707
0.559927 -1.42827
0.928388 -1.22104
1.22633 -0.921064
1.4311 -0.551108
1.52709 -0.139263
1.50698 0.28317
1.37228 0.684071
1.13321 1.03295
0.807965 1.30328
0.421274 1.4745
0.00254855 1.53361
-0.416375 1.47614
-0.803661 1.30648
-1.12989 1.03755
-1.37031 0.689807
-1.50667 0.289669
-1.52866 -0.13247
-1.43463 -0.544564
-1.23176 -0.915343
-0.935447 -1.21669
-0.568201 -1.42576
-0.157879 -1.52671
0.264403 -1.5119
0.666627 -1.38246
1.01829 -1.1482
1.29273 -0.82686
1.46909 -0.442802
1.53398 -0.025147
1.48242 0.394413
1.31829 0.78402
1.05401 1.11407
0.709643 1.35945
0.31133 1.50151
-0.110654 1.5294
-0.524225 1.441
-0.897934 1.24303
-1.20337 0.950531
-1.41731 0.585762
-1.52351 0.176457
-1.51392 -0.246267
-1.3893 -0.650288
-1.15913 -1.00492
-0.840927 -1.28324
-0.458874 -1.46415
-0.0419871 -1.53394
0.378089 -1.48734
0.769483 -1.32793
1.10252 -1.06782
1.35195 -0.726746
1.49888 -0.330587
1.53217 0.0906238
1.44929 0.504954
1.25651 0.880985
0.968421 1.19019
0.606857 1.40907
0.199232 1.521
-0.22352 1.51743
-0.629289 1.39858
-0.987234 1.17345
-1.27013 0.859117
-1.45646 0.479463
-1.53202 0.0633461
-1.49108 -0.35759
-1.33674 -0.751335
-1.08074 -1.08795
-0.742574 -1.34185
-0.34795 -1.49376
0.0731287 -1.53214
0.488663 -1.45412
0.867097 -1.26566
1.17971 -0.98109
1.40279 -0.622051
1.51944 -0.215813
1.52084 0.206792
1.40693 0.613709
1.18637 0.974091
0.87589 1.26063
0.499035 1.45161
0.084364 1.53257
-0.336694 1.49734
-0.732212 1.34856
-1.07218 1.09749
-1.33078 0.763133
-1.48833 0.370838
-1.53283 -0.0496224
-1.46084 -0.466309
-1.2778 -0.847545
-0.997591 -1.16433
-0.641507 -1.39256
-0.236624 -1.51486
0.186262 -1.52193
0.594986 -1.41324
0.958467 -1.19706
1.24908 -0.889866
1.44475 -0.515017
1.53063 -0.10102
1.50025 0.320665
1.35594 0.718014
1.10869 1.06087
0.777319 1.32324
0.386984 1.48524
-0.0326893 1.53462
-0.449875 1.46767
-0.832951 1.28948
-1.15289 1.01359
-1.38546 0.660887
-1.513 0.258106
-1.52585 -0.164234
-1.42297 -0.574111
-1.21213 -0.940424
-0.909287 -1.23535
-0.537385 -1.43644
-0.124652 -1.5284
0.297554 -1.50416
0.697134 -1.36555
1.04369 -1.12306
1.31084 -0.795142
1.47828 -0.406723
1.53325 0.0126414
1.4716 0.431051
