0.670072 -0.216166
0.332149 0.358423
-0.526418 0.371186
-0.496572 -0.242498
0.191313 -0.534835
0.580704 0.00726665
0.129353 0.538842
-0.516728 0.25925
-0.379979 -0.41311
0.320898 -0.47216
0.536592 0.182659
-0.0469327 0.565412
-0.559907 0.0981939
-0.234797 -0.516014
0.442168 -0.356953
0.456188 0.337276
-0.213014 0.526369
-0.562833 -0.0737669
-0.0694689 -0.563402
0.52801 -0.208635
0.334303 0.458746
-0.360383 0.438654
-0.514971 -0.238848
0.102152 -0.558436
0.566193 -0.0411772
0.181806 0.537775
-0.475031 0.310817
-0.419975 -0.381946
0.264458 -0.502336
0.552594 0.130029
0.0126633 0.567534
-0.546243 0.154525
-0.286531 -0.490069
0.402577 -0.400265
0.488422 0.289328
-0.157634 0.545349
-0.567455 -0.0158988
-0.126863 -0.553328
0.503854 -0.261553
0.379544 0.422154
-0.313511 0.473252
-0.536734 -0.184867
0.0444133 -0.565945
0.559013 -0.0989112
0.235932 0.516334
-0.440691 0.357834
-0.456881 -0.336926
0.211633 -0.526764
0.563013 0.0727851
0.0707297 0.563259
-0.527534 0.209671
-0.335217 -0.458137
0.359477 -0.439368
0.515479 0.237827
-0.100956 0.558634
-0.566097 0.0423139
-0.182872 -0.537417
0.474419 -0.311763
0.42077 0.381093
-0.263392 0.502877
-0.552842 -0.128918
-0.0137793 -0.567513
0.545945 -0.155616
0.287552 0.489484
-0.401721 0.401098
-0.48899 -0.288345
0.156564 -0.545663
0.567497 0.0147693
0.128008 0.553076
-0.50329 0.262602
-0.380382 -0.421386
0.312578 -0.473873
0.537111 0.1838
-0.0432416 0.566046
-0.558787 0.100076
-0.236954 -0.515857
0.439992 -0.358705
0.457566 0.336017
-0.210535 0.527213
-0.563143 -0.0716062
-0.0718446 -0.563111
0.527126 -0.210712
0.336141 0.457473
-0.358566 0.440121
-0.515956 -0.236745
0.0998444 -0.558829
0.566017 -0.0434359
0.183955 0.53706
-0.473772 0.312755
-0.421545 -0.380205
0.262397 -0.503393
0.553104 0.127828
0.0149263 0.567497
-0.545619 0.156765
-0.288554 -0.488868
0.400928 -0.401889
0.489567 0.28738
-0.155465 0.54599
-0.567528 -0.0135815
-0.129146 -0.552792
0.502769 -0.263599
0.381225 0.420632
-0.311624 0.474515
-0.537496 -0.182674
0.0420762 -0.566114
0.55859 -0.101177
0.237982 0.515393
-0.439271 0.359608
-0.458272 -0.335049
0.209446 -0.527624
0.563285 0.0704972
0.072966 0.562974
-0.526708 0.211788
-0.337098 -0.456765
0.357655 -0.44084
0.516427 0.235724
-0.0987274 0.559033
-0.565939 0.0445888
-0.185079 -0.536668
0.47312 -0.313708
0.422296 0.379377
-0.261396 0.503923
-0.553376 -0.126699
-0.0161219 -0.567457
0.545283 -0.157866
0.28952 0.488303
-0.40013 0.402693
-0.490162 -0.286386
0.15432 -0.546306
0.567541 0.0124337
0.130242 0.552541
-0.502243 0.264608
-0.38209 -0.41986
0.310627 -0.475157
0.537849 0.181588
-0.0409613 0.566202
-0.558394 0.102294
-0.239044 -0.514914
0.438506 -0.360521
0.458932 0.334121
-0.208408 0.528042
-0.563431 -0.069372
-0.0741202 -0.562834
0.526254 -0.21288
0.338006 0.456082
-0.356784 0.441554
-0.516903 -0.234689
0.0975825 -0.559243
0.565831 -0.0457639
0.186146 0.53629
-0.472505 0.314645
-0.42306 -0.378537
0.260361 -0.50447
0.553624 0.12554
0.0172514 0.567415
-0.544976 0.158946
-0.290501 -0.487729
0.399305 -0.403522
0.490741 0.285363
-0.153232 0.546608
-0.567571 -0.0113044
-0.131355 -0.552284
0.501702 -0.265648
0.382947 0.419057
-0.309681 0.475769
-0.538213 -0.180524
0.0398253 -0.566293
0.558187 -0.103456
0.240106 0.514399
-0.437787 0.361388
-0.459599 -0.333214
0.207349 -0.528469
0.563578 0.0682027
0.0752783 0.562663
-0.52583 0.213924
-0.338919 -0.45541
0.355897 -0.44228
0.517393 0.233615
-0.0964281 0.559426
-0.565739 0.0468854
-0.187213 -0.535924
0.47188 -0.315605
0.423854 0.377652
-0.259309 0.50499
-0.553871 -0.124442
-0.0183794 -0.567385
0.544665 -0.16005
0.291519 0.48712
-0.398466 0.404327
-0.491308 -0.28439
0.15214 -0.546918
0.567603 0.0101528
0.13251 0.552005
-0.501143 0.266665
-0.383777 -0.418299
0.308738 -0.476388
0.538592 0.179437
-0.0386339 0.566372
-0.557956 0.104597
-0.241123 -0.513924
0.437072 -0.362261
0.460285 0.332288
-0.206239 0.528897
-0.563701 -0.0670557
-0.0763923 -0.562517
0.525407 -0.214976
0.339854 0.454728
-0.354965 0.443019
-0.517851 -0.23256
0.0953249 -0.559618
0.565652 -0.0480087
0.188309 0.535555
-0.471208 0.316592
-0.424607 -0.37678
0.258315 -0.505502
0.554124 0.123345
0.0195382 0.567359
-0.544318 0.161186
-0.292491 -0.486522
0.397672 -0.405116
0.491881 0.283412
-0.151021 0.547239
-0.567611 -0.00896572
-0.133613 -0.551726
0.500622 -0.267651
0.384612 0.417544
-0.307767 0.477031
-0.538955 -0.178303
0.0374946 -0.566435
0.557753 -0.105693
0.242148 0.513454
-0.436335 0.363165
-0.460965 -0.331318
0.205182 -0.529298
0.563838 0.0659478
0.077519 0.562373
-0.524969 0.216065
-0.34079 -0.454006
0.354078 -0.443716
0.518312 0.231546
-0.0942117 0.559818
