-3.9348 3.14159
10.7 -9.3414
24.9027 -21.4472
39.0591 -33.5131
53.2086 -45.5731
67.3554 -57.6307
81.5008 -69.6872
95.6453 -81.7429
109.789 -93.798
123.933 -105.853
138.076 -117.907
152.218 -129.962
166.361 -142.016
180.503 -154.07
194.646 -166.123
208.788 -178.177
222.93 -190.231
237.072 -202.284
251.214 -214.337
265.355 -226.391
279.497 -238.444
293.639 -250.497
307.78 -262.55
321.922 -274.604
336.063 -286.657
350.205 -298.71
364.346 -310.763
378.487 -322.816
392.629 -334.869
406.77 -346.922
420.911 -358.975
435.052 -371.028
449.194 -383.081
463.335 -395.133
477.476 -407.186
491.617 -419.239
505.758 -431.292
519.899 -443.345
534.041 -455.398
548.182 -467.45
